NAME:  br17
TYPE : ACVRP
COMMENT : COMMENT: 17 city problem (Repetto) with demands added, capacity=30
DIMENSION:  17
EDGE_WEIGHT_TYPE : EXPLICIT
EDGE_WEIGHT_FORMAT : FULL_MATRIX
CAPACITY : 30
EDGE_WEIGHT_SECTION
0.000000 3.000000 5.000000 48.000000 48.000000 8.000000 8.000000 5.000000 5.000000 3.000000 3.000000 0.000000 3.000000 5.000000 8.000000 8.000000 5.000000
3.000000 0.000000 3.000000 48.000000 48.000000 8.000000 8.000000 5.000000 5.000000 0.000000 0.000000 3.000000 0.000000 3.000000 8.000000 8.000000 5.000000
5.000000 3.000000 0.000000 72.000000 72.000000 48.000000 48.000000 24.000000 24.000000 3.000000 3.000000 5.000000 3.000000 0.000000 48.000000 48.000000 24.000000
48.000000 48.000000 74.000000 0.000000 0.000000 6.000000 6.000000 12.000000 12.000000 48.000000 48.000000 48.000000 48.000000 74.000000 6.000000 6.000000 12.000000
48.000000 48.000000 74.000000 0.000000 0.000000 6.000000 6.000000 12.000000 12.000000 48.000000 48.000000 48.000000 48.000000 74.000000 6.000000 6.000000 12.000000
8.000000 8.000000 50.000000 6.000000 6.000000 0.000000 0.000000 8.000000 8.000000 8.000000 8.000000 8.000000 8.000000 50.000000 0.000000 0.000000 8.000000
8.000000 8.000000 50.000000 6.000000 6.000000 0.000000 0.000000 8.000000 8.000000 8.000000 8.000000 8.000000 8.000000 50.000000 0.000000 0.000000 8.000000
5.000000 5.000000 26.000000 12.000000 12.000000 8.000000 8.000000 0.000000 0.000000 5.000000 5.000000 5.000000 5.000000 26.000000 8.000000 8.000000 0.000000
5.000000 5.000000 26.000000 12.000000 12.000000 8.000000 8.000000 0.000000 0.000000 5.000000 5.000000 5.000000 5.000000 26.000000 8.000000 8.000000 0.000000
3.000000 0.000000 3.000000 48.000000 48.000000 8.000000 8.000000 5.000000 5.000000 0.000000 0.000000 3.000000 0.000000 3.000000 8.000000 8.000000 5.000000
3.000000 0.000000 3.000000 48.000000 48.000000 8.000000 8.000000 5.000000 5.000000 0.000000 0.000000 3.000000 0.000000 3.000000 8.000000 8.000000 5.000000
0.000000 3.000000 5.000000 48.000000 48.000000 8.000000 8.000000 5.000000 5.000000 3.000000 3.000000 0.000000 3.000000 5.000000 8.000000 8.000000 5.000000
3.000000 0.000000 3.000000 48.000000 48.000000 8.000000 8.000000 5.000000 5.000000 0.000000 0.000000 3.000000 0.000000 3.000000 8.000000 8.000000 5.000000
5.000000 3.000000 0.000000 72.000000 72.000000 48.000000 48.000000 24.000000 24.000000 3.000000 3.000000 5.000000 3.000000 0.000000 48.000000 48.000000 24.000000
8.000000 8.000000 50.000000 6.000000 6.000000 0.000000 0.000000 8.000000 8.000000 8.000000 8.000000 8.000000 8.000000 50.000000 0.000000 0.000000 8.000000
8.000000 8.000000 50.000000 6.000000 6.000000 0.000000 0.000000 8.000000 8.000000 8.000000 8.000000 8.000000 8.000000 50.000000 0.000000 0.000000 8.000000
5.000000 5.000000 26.000000 12.000000 12.000000 8.000000 8.000000 0.000000 0.000000 5.000000 5.000000 5.000000 5.000000 26.000000 8.000000 8.000000 0.000000
DEMAND_SECTION
1  0
2  10
3  5
4  10
5  7
6  1
7  2
8  8
9  5
10  7
11  1
12  5
13  6
14  8
15  4
16  10
17  6
DEPOT_SECTION
1
-1
EOF
