NAME:  br17
TYPE : ACVRP
COMMENT : COMMENT: 17 city problem (Repetto) with demands added, capacity=30, HP (asym_scale=1.0)
DIMENSION:  17
EDGE_WEIGHT_TYPE : EXPLICIT
EDGE_WEIGHT_FORMAT : FULL_MATRIX
CAPACITY : 30
EDGE_WEIGHT_SECTION
0.000000 2.424620 3.142179 9.199047 9.199047 4.505550 4.505550 5.065157 5.065157 2.424620 2.424620 0.000000 2.424620 3.142179 4.505550 4.505550 5.065157
2.045818 0.000000 3.116396 9.031351 9.031351 4.337854 4.337854 4.568390 4.568390 0.000000 0.000000 2.045818 0.000000 3.116396 4.337854 4.337854 4.568390
4.313707 2.267889 0.000000 11.299240 11.299240 6.605743 6.605743 6.836278 6.836278 2.267889 2.267889 4.313707 2.267889 0.000000 6.605743 6.605743 6.836278
10.366351 8.320532 11.436928 0.000000 0.000000 3.723659 3.723659 9.406715 9.406715 8.320532 8.320532 10.366351 8.320532 11.436928 3.723659 3.723659 9.406715
10.366351 8.320532 11.436928 0.000000 0.000000 3.723659 3.723659 9.406715 9.406715 8.320532 8.320532 10.366351 8.320532 11.436928 3.723659 3.723659 9.406715
6.642691 4.596873 7.713269 4.693497 4.693497 0.000000 0.000000 5.683056 5.683056 4.596873 4.596873 6.642691 4.596873 7.713269 0.000000 0.000000 5.683056
6.642691 4.596873 7.713269 4.693497 4.693497 0.000000 0.000000 5.683056 5.683056 4.596873 4.596873 6.642691 4.596873 7.713269 0.000000 0.000000 5.683056
2.916774 4.165228 6.058952 8.133006 8.133006 4.908431 4.908431 0.000000 0.000000 4.165228 4.165228 2.916774 4.165228 6.058952 4.908431 4.908431 0.000000
2.916774 4.165228 6.058952 8.133006 8.133006 4.908431 4.908431 0.000000 0.000000 4.165228 4.165228 2.916774 4.165228 6.058952 4.908431 4.908431 0.000000
2.045818 0.000000 3.116396 9.031351 9.031351 4.337854 4.337854 4.568390 4.568390 0.000000 0.000000 2.045818 0.000000 3.116396 4.337854 4.337854 4.568390
2.045818 0.000000 3.116396 9.031351 9.031351 4.337854 4.337854 4.568390 4.568390 0.000000 0.000000 2.045818 0.000000 3.116396 4.337854 4.337854 4.568390
0.000000 2.424620 3.142179 9.199047 9.199047 4.505550 4.505550 5.065157 5.065157 2.424620 2.424620 0.000000 2.424620 3.142179 4.505550 4.505550 5.065157
2.045818 0.000000 3.116396 9.031351 9.031351 4.337854 4.337854 4.568390 4.568390 0.000000 0.000000 2.045818 0.000000 3.116396 4.337854 4.337854 4.568390
4.313707 2.267889 0.000000 11.299240 11.299240 6.605743 6.605743 6.836278 6.836278 2.267889 2.267889 4.313707 2.267889 0.000000 6.605743 6.605743 6.836278
6.642691 4.596873 7.713269 4.693497 4.693497 0.000000 0.000000 5.683056 5.683056 4.596873 4.596873 6.642691 4.596873 7.713269 0.000000 0.000000 5.683056
6.642691 4.596873 7.713269 4.693497 4.693497 0.000000 0.000000 5.683056 5.683056 4.596873 4.596873 6.642691 4.596873 7.713269 0.000000 0.000000 5.683056
2.916774 4.165228 6.058952 8.133006 8.133006 4.908431 4.908431 0.000000 0.000000 4.165228 4.165228 2.916774 4.165228 6.058952 4.908431 4.908431 0.000000
DEMAND_SECTION
1  0
2  10
3  5
4  5
5  8
6  7
7  5
8  7
9  7
10  3
11  9
12  5
13  1
14  5
15  7
16  3
17  5
DEPOT_SECTION
1
-1
EOF
