NAME: ft53
TYPE : ACVRP
COMMENT : COMMENT: Asymmetric TSP (Fischetti) with demands added, capacity=50, HP (asym_scale=1.0)
DIMENSION: 53
EDGE_WEIGHT_TYPE : EXPLICIT
EDGE_WEIGHT_FORMAT : FULL_MATRIX
CAPACITY : 50
EDGE_WEIGHT_SECTION
0.000000 280.797677 194.956742 197.929879 352.038058 400.417145 342.170420 390.476646 268.819044 332.978433 355.961713 328.312193 350.696011 328.244058 268.652585 269.397256 278.791025 301.807736 394.641925 462.579635 374.518519 375.829874 444.005076 369.213576 529.990054 406.836117 356.410125 345.806008 443.299821 389.800861 328.638830 365.628508 254.342848 346.463649 367.510131 204.260446 148.297055 282.310319 310.182756 296.510397 257.561601 210.548177 431.732683 404.404728 360.444619 335.901215 470.214529 490.470209 213.591995 248.601942 344.264773 387.785829 341.865601
63.210889 0.000000 258.167631 185.505827 415.248946 204.731452 136.615975 234.557516 118.914196 183.073585 316.365471 208.875758 216.230815 280.841388 324.354934 332.608145 306.820826 336.518031 388.750789 525.790523 215.307742 316.037953 472.624688 397.833188 409.114674 221.454381 308.410331 238.704609 397.356940 359.083501 391.849719 344.445080 233.159420 354.936337 342.293270 267.471335 211.507944 276.419183 304.915942 359.721286 320.772490 105.044996 280.910062 166.300758 286.514030 301.476478 266.618152 384.967029 263.923231 155.070307 372.294574 270.003970 369.895403
82.700876 112.529652 0.000000 104.337462 206.094350 304.127230 249.145627 347.087168 231.443848 285.461671 262.369296 133.355451 257.103594 234.651641 260.094311 74.440514 135.244502 106.850994 355.378117 364.971366 179.561777 262.740733 249.048334 174.256835 373.368709 211.879375 272.664366 268.766293 336.296825 323.337535 391.402182 268.926930 251.182473 151.506907 296.103523 286.208040 230.997931 243.046511 345.788721 326.898619 340.262477 109.514010 330.698516 224.777267 344.990539 305.945492 369.180362 389.436043 139.371635 108.359642 199.205160 260.631930 184.921421
61.538987 82.867798 148.990774 0.000000 355.085124 203.006161 219.483773 285.308763 201.781994 181.124209 158.031834 160.533634 152.766132 130.314179 155.756849 223.431289 195.631483 151.012204 360.725820 356.453887 265.757479 279.321953 357.933028 283.141529 459.564411 304.322179 306.895423 321.572407 418.074719 409.533238 390.177818 313.088140 263.570821 169.430509 191.766061 265.799434 209.836042 290.728050 241.451259 358.049385 319.100588 187.912795 311.101610 249.168556 312.325780 218.170001 327.501217 467.834827 106.835177 88.374476 249.699434 296.141545 258.706060
89.724634 73.652856 105.428281 103.437750 0.000000 165.056484 150.440305 206.281507 118.203229 123.750124 137.732906 238.783733 146.086224 233.751929 254.210343 179.868795 181.799296 137.180016 259.540856 236.951889 270.125469 277.918456 121.028857 272.811659 462.750064 111.737827 159.870678 237.524939 270.757547 340.288202 340.733539 299.255953 235.675873 140.508322 116.147242 221.427640 238.021689 304.651873 234.771351 386.235031 326.294679 122.061015 321.206497 239.953614 231.402391 271.809242 340.271008 299.396118 166.348599 191.812226 121.498682 231.481437 155.770927
455.234069 487.789835 596.015496 447.024722 739.216437 0.000000 325.087049 373.393274 251.735673 315.895062 605.056556 607.558357 560.830867 577.338901 597.128919 583.887382 580.672175 598.036926 731.802455 799.740164 703.097577 637.907443 746.476037 671.684537 832.640258 707.409906 693.570655 682.966537 758.652065 705.153104 612.382463 679.046174 574.687569 577.696100 622.344610 541.420976 485.457584 619.470849 647.343286 670.209963 594.722130 592.834831 698.104128 583.494823 690.520338 665.194723 754.407987 831.538498 121.243912 176.125522 243.467341 103.973382 255.322634
508.288005 472.757850 547.212664 461.182420 685.487574 81.617497 0.000000 220.128854 265.893371 220.320314 619.214254 520.216389 574.988565 591.496600 611.286617 496.503629 453.354368 597.640524 679.911545 735.081263 603.281909 624.817762 619.158231 544.366731 679.375837 656.671283 627.620486 639.707151 642.494584 588.995624 626.540162 583.471427 479.112822 482.121353 485.339532 555.578674 499.615282 627.138794 557.258272 684.367661 606.923925 464.726460 474.087309 497.451566 365.433289 570.900489 556.111715 550.383598 130.538254 185.419864 249.102390 185.590878 336.940130
502.963330 524.292140 531.998564 441.424342 714.717287 106.230951 193.110858 0.000000 299.260109 363.419498 526.292900 519.720485 497.802858 490.768817 415.140319 571.081337 527.932076 592.436546 695.783244 673.194276 599.347046 531.595943 557.271244 567.688511 459.246983 715.762416 667.350061 663.028931 682.707137 629.208177 659.906899 708.390934 622.212005 557.428548 552.220699 588.945412 532.982020 651.182688 586.487985 717.734399 642.246566 469.880704 659.622476 663.737255 558.544148 623.525877 729.547056 692.521078 164.165941 219.047551 213.564744 210.204333 306.246570
256.828036 236.054162 344.279823 195.289049 487.480764 131.598101 73.351376 121.657601 0.000000 64.159389 353.320883 355.822684 309.095194 325.603228 345.393246 332.151709 328.936502 346.301253 480.066782 548.004491 451.361904 386.171770 494.740364 419.948864 580.904585 457.508543 441.834982 431.230864 506.916392 453.417431 360.646790 427.310501 322.951896 325.960427 387.055110 289.685303 233.721911 367.735176 395.607613 418.474290 342.986457 341.099158 484.215467 402.354920 438.784665 413.459050 502.672314 621.021191 168.360305 208.983802 262.245911 151.089774 354.927737
287.967690 281.823778 326.892349 241.058665 532.986699 79.429720 80.188471 149.475983 45.769616 0.000000 399.090499 331.639134 354.864809 371.372844 391.162862 307.926374 264.777113 377.320210 525.836398 546.504007 414.704654 404.497448 430.580975 355.789476 575.386120 475.812282 407.300172 451.129896 442.757003 389.258043 406.416406 363.151113 258.792508 261.801038 432.824726 335.454919 279.491527 413.504792 441.377228 464.243906 388.756073 386.868774 529.985083 448.124536 445.621760 459.228665 548.441930 608.948237 132.287866 187.169476 254.511295 115.017336 327.851690
424.688829 449.460430 474.409518 366.592632 441.516191 325.709389 431.638698 498.268609 397.219843 351.450228 0.000000 228.017677 224.601762 343.274025 267.645527 486.881713 467.992095 473.561970 432.561451 447.149818 413.983273 288.453915 515.116313 559.004457 601.553466 502.027818 471.039432 460.435315 524.778291 504.430167 600.408434 480.257815 368.972155 343.129010 404.725907 318.889753 262.926361 383.167411 313.286889 447.678740 372.190907 351.333807 399.722035 484.098069 415.678036 350.324780 450.345689 543.702110 87.722533 142.604143 319.525134 429.682771 396.518179
196.671152 251.916942 318.039918 169.049143 426.928558 372.055305 387.439218 454.357907 370.831138 350.173352 162.520155 0.000000 210.014129 299.363323 318.138247 363.866479 320.717219 276.097939 417.973817 525.503030 347.296033 386.563614 486.521081 411.729581 541.102965 473.371322 440.398622 372.891967 457.735943 483.512050 525.309982 438.173876 356.953913 338.479653 267.332384 334.229343 333.030429 309.396279 298.699256 421.435932 284.647560 356.961938 385.134402 418.217700 394.170797 335.737147 466.306482 529.114476 125.702556 180.584166 360.776541 371.375835 353.957642
258.763139 290.567285 275.907358 215.567862 216.914429 362.927797 321.824828 324.725178 335.117659 315.706277 121.939377 147.142396 0.000000 183.752617 108.124119 262.279951 278.476429 263.904993 207.959688 365.487551 311.829313 176.549486 337.943286 369.488791 380.546440 328.652256 331.129371 260.606994 394.418979 356.425417 380.700696 258.225445 146.939785 189.408033 196.432250 166.089692 123.016301 158.565649 88.685127 307.768679 219.024811 191.812398 175.120273 289.843244 219.878797 125.723018 256.292353 319.100347 209.661910 191.800981 258.710020 358.768017 283.057508
234.320955 289.566744 236.780988 206.698946 239.366382 230.872202 231.630953 154.994584 164.877222 151.442482 35.524083 37.649803 22.451953 0.000000 130.576071 149.414820 124.718070 130.287945 230.411641 387.939504 135.443300 199.001438 290.521932 215.730432 329.250231 278.542341 176.581244 246.976201 287.760540 279.219058 305.361346 280.677397 169.391737 148.126636 61.451882 188.541644 145.468253 160.413871 111.137079 330.220632 241.476764 209.579545 197.572226 312.295196 242.330750 148.174971 278.744306 341.552300 123.246616 155.307519 146.480048 223.787649 148.077140
301.251318 356.497108 283.167567 273.629310 299.576968 306.500699 250.367508 230.623082 240.505720 227.070980 111.152580 104.580166 82.662539 75.628498 0.000000 225.043318 200.346567 205.916442 290.622227 448.150090 211.071797 123.565104 350.227502 291.358930 333.907939 354.170839 252.209742 316.572400 359.889480 354.475449 380.989844 340.887984 229.602324 223.755134 137.080380 248.752231 205.678840 236.042369 171.347666 356.128103 301.687350 83.688280 257.782812 275.219078 302.541336 208.385557 338.954892 363.610312 198.875114 157.468455 222.108546 299.416147 223.705638
278.660798 215.449909 457.379457 308.388682 370.968800 254.001466 352.065884 369.516432 334.364105 370.907754 333.703140 327.846760 431.680724 438.702862 407.154334 0.000000 260.984739 336.882908 280.937603 418.819633 410.912280 275.624614 426.788601 351.997102 571.593746 436.904290 343.969671 343.254448 451.057520 481.277323 469.117522 346.642270 235.356610 406.323592 458.493824 211.767526 284.773631 168.605997 366.805525 364.156562 330.084580 320.494905 399.422724 381.750667 338.587582 265.661560 406.150482 523.537890 104.405493 100.934226 139.837071 192.674257 116.963748
263.533173 258.599169 364.225039 235.911165 350.669116 292.710312 257.045075 412.665692 311.754738 322.035005 229.382176 66.862021 276.876150 366.225344 319.602563 43.149260 0.000000 342.959960 304.315862 281.726894 149.927541 179.496261 165.803862 91.012363 310.609007 290.179695 188.218598 186.352783 253.052353 293.703299 318.342661 279.223661 167.938001 405.341674 310.921109 254.916786 256.770988 199.430667 222.439814 243.654147 217.555270 270.989554 372.637898 341.524898 381.736842 295.894885 390.047040 344.171124 89.772110 140.173891 65.473749 138.785086 63.074577
255.096593 303.218449 281.058328 280.530444 395.288396 337.329592 293.701855 398.264738 276.607137 340.766525 201.735846 111.481301 271.275886 273.939834 364.221843 87.768540 44.619280 0.000000 322.535628 299.946660 194.546820 163.542005 210.423142 135.631642 334.768677 334.798974 232.837877 215.530106 297.671632 287.391371 284.551189 162.075937 212.557281 102.634636 335.391716 284.210347 246.201021 224.472686 267.059094 288.273427 262.174550 209.170128 412.468173 319.666538 375.748893 340.514164 434.666320 388.790404 86.632718 141.514328 110.093028 183.404365 107.693856
121.971058 103.257186 316.927800 174.590164 425.289062 154.968109 147.265279 239.122598 131.981959 107.746589 257.681151 148.156257 315.590759 293.138806 330.347013 54.320263 81.294236 55.945305 0.000000 157.527863 184.349898 219.487310 160.918950 172.306598 306.163967 250.844730 269.512833 267.647019 186.459290 328.125656 340.496493 218.021242 249.232237 148.294017 354.590688 193.719979 270.268113 222.926260 303.734050 324.948383 298.849506 125.420365 346.604871 269.557944 346.122259 319.981823 369.875338 339.286212 100.684416 155.254489 146.767984 184.005138 144.368812
144.560026 106.244926 228.799975 197.179132 434.330962 177.557076 169.854247 225.413477 128.142533 130.335556 230.849948 114.569700 217.777818 195.325865 244.068639 76.909230 99.028317 78.534272 22.588968 0.000000 152.035581 242.076278 183.507917 190.040680 328.752934 105.293391 169.506259 205.992060 106.522877 295.811340 363.085461 240.610209 266.966318 170.882985 256.777747 216.308947 292.857081 231.968160 306.462945 342.682464 316.583588 148.009333 369.193839 272.545684 368.711227 342.570790 372.863078 361.875179 123.273383 177.843457 164.502066 206.594105 162.102894
257.880499 279.209310 345.332286 196.341512 419.163308 142.782771 107.117534 283.484798 161.827197 225.986585 327.815339 212.069284 213.296183 326.655691 321.420302 348.687492 378.506455 347.353716 329.132111 407.754225 0.000000 100.730211 291.831193 302.248459 193.806932 195.063686 93.102589 111.532901 197.274719 143.775759 522.473987 438.542867 327.257207 365.772021 385.377390 153.763570 316.895761 216.800505 301.981310 260.518422 320.641548 296.823756 259.990281 334.244106 265.471147 324.336453 314.364215 231.523507 237.655788 258.697649 288.854292 243.984735 254.448849
399.743127 421.071938 487.194914 338.204140 485.187652 284.645399 248.980162 252.604394 303.689825 367.849214 433.600632 271.080477 355.158811 468.518320 463.282930 415.044347 441.613747 421.119702 365.174398 342.585430 141.862628 0.000000 226.662398 371.712228 335.669560 300.709815 234.965217 249.147357 236.324376 230.910346 628.627981 506.152729 394.867069 507.634650 343.350130 295.626198 288.821275 331.681728 389.509770 232.562999 336.888614 325.192193 401.852909 326.109203 370.063960 394.523724 292.356823 373.386135 292.404443 331.058033 297.589912 385.847364 319.783462
207.130921 222.167958 344.723007 252.077991 508.025650 282.033194 256.214146 308.577906 244.065565 246.258588 346.772980 230.492732 333.700850 311.248897 359.991671 192.832262 214.951349 194.457304 138.512000 115.923032 149.096612 189.569866 0.000000 305.963712 341.721208 221.216423 205.713593 260.629513 222.445909 292.872370 479.008493 356.533241 367.788725 286.806017 278.313924 302.860182 329.026085 342.277354 379.796348 276.219590 410.965340 144.768216 206.834036 175.721036 259.479159 271.180208 261.207970 178.367262 108.191683 104.395635 234.463869 249.164070 278.025926
281.922421 295.335561 404.247464 255.256690 379.558806 201.697949 166.032712 341.088292 220.742375 231.022643 275.815008 151.675032 272.211361 314.226537 328.096967 267.623762 289.742849 269.248804 213.303499 190.714532 58.915178 88.483898 74.791500 0.000000 219.596644 217.673373 152.017767 95.340420 162.039990 202.690937 310.686550 188.211298 76.925638 358.171467 219.908746 212.678748 306.514823 251.760513 332.267313 152.641785 287.387534 219.559716 281.625535 250.512535 324.386326 345.971708 335.999469 253.158761 182.983182 179.187134 271.650157 290.370898 245.499076
174.061895 320.192219 339.832060 282.528865 367.140353 282.882835 247.217597 310.467187 188.809586 252.968974 384.256536 228.012655 353.396246 409.273158 436.538494 290.856523 312.975610 292.481565 236.536261 213.947293 140.100063 72.348960 98.024261 108.441527 0.000000 284.063418 233.202652 203.781948 270.481518 283.875822 417.856372 295.381120 184.095460 384.830278 328.350274 293.863634 322.358949 285.134003 308.272250 261.083312 395.829062 242.792477 200.375493 272.207028 298.801979 274.582179 282.399899 233.274095 200.436393 91.583470 238.542161 339.899360 331.223987
527.280848 654.399522 686.174948 684.184416 580.746667 487.384961 581.776052 555.455398 698.949896 704.496790 501.849397 643.786397 503.280109 614.834729 539.206231 737.783053 694.633792 717.926683 711.239797 817.698555 750.278028 658.924093 701.775523 785.646155 873.114170 0.000000 103.383993 125.787113 175.902560 228.550375 522.558180 400.082928 650.219893 558.816299 676.286611 622.054792 566.091400 630.114238 591.965236 686.950568 675.355946 622.894510 621.954517 736.677488 723.158906 629.003127 703.978924 699.247082 231.982627 286.864237 285.512726 281.671992 259.361646
423.896855 569.159701 618.853597 621.826734 671.458443 384.000968 665.275079 643.856615 635.736641 699.896030 398.465405 626.483082 605.241206 716.795826 641.167328 693.294111 702.687880 695.007155 639.061851 796.589714 775.611489 633.748861 792.487299 793.110431 945.225817 101.961097 0.000000 216.498889 213.993261 330.511472 624.519277 502.044025 678.239703 660.777396 719.641749 586.467905 572.193910 526.730245 693.926332 720.407252 681.458456 575.787494 518.570524 633.293495 676.974987 630.779104 600.594931 595.863089 270.073328 324.954938 323.603428 373.162856 297.452347
496.930882 528.612410 560.387835 558.397304 454.959554 457.034995 455.988939 661.241061 573.162783 578.709678 471.499431 605.578867 601.045778 650.609016 574.980518 634.828349 629.209569 592.139570 686.649158 691.911443 672.128953 667.837107 575.988411 720.221932 821.997287 122.332953 73.034027 0.000000 206.785410 153.286450 644.891133 522.415881 546.350081 483.552373 571.106796 496.267680 440.304288 574.317553 602.189989 561.163455 549.568834 533.824336 591.604551 646.753574 652.451852 627.908448 673.628958 668.897116 199.683403 254.565013 177.321391 300.283123 224.572614
591.666287 684.483490 716.258916 714.268384 610.830635 551.770400 611.860020 619.840837 651.037388 677.075710 566.234837 585.593254 567.665548 679.220168 603.591670 561.880493 518.731232 602.467528 675.511039 708.283883 646.951419 621.534122 684.535095 609.743595 829.340239 64.385439 167.769432 155.871081 0.000000 292.935815 562.981295 464.468367 675.718595 586.993313 726.977877 449.964695 596.175368 563.179433 623.141452 636.385800 570.520296 495.420673 686.339957 689.277224 743.015690 648.859911 701.469506 763.632521 56.080067 110.961677 109.610167 159.169595 83.459086
355.251203 608.399190 550.207944 553.181082 594.297397 435.007715 595.326782 642.009637 602.994389 667.153778 449.472151 542.785141 589.834348 621.678847 546.050349 519.072380 475.923120 655.966489 690.068597 757.650014 625.850660 655.419380 641.726982 566.935482 786.532126 86.554239 51.006746 139.337843 53.498960 0.000000 587.545348 486.637167 515.906611 330.265924 683.130729 503.463655 503.548257 577.736991 665.433959 629.881995 612.812803 548.919633 569.577271 684.300241 664.984720 676.685769 651.601678 583.872823 109.579027 164.460637 163.109127 172.144573 110.673090
608.529991 638.358767 525.829115 630.166577 731.923465 829.956345 774.974742 872.916283 757.272963 773.569722 710.388736 659.184567 588.449359 760.480757 696.573478 600.269630 661.073618 632.680109 719.608335 805.329738 705.390892 764.998845 774.877449 700.085950 899.197824 657.620914 555.659817 772.158706 769.653079 774.567159 0.000000 633.385858 522.100198 612.246697 715.481684 754.539051 711.465660 747.015008 677.134486 852.727734 807.474170 635.343125 763.569632 750.606383 808.328156 714.172377 844.741712 778.516936 665.200750 634.188757 725.034275 786.461045 710.750536
475.000259 496.329069 562.452045 413.461271 767.018040 503.190099 467.821403 682.646242 615.243266 594.585480 517.654535 409.922834 550.103611 527.651658 569.218120 636.892560 609.092754 564.473475 654.075291 758.125952 473.148227 573.878438 642.202920 696.602800 666.955159 221.150227 119.189130 335.688019 333.182392 349.635940 122.475252 0.000000 620.609403 169.960168 589.103540 626.911798 623.297313 645.919375 638.788738 733.666649 673.010000 501.805025 598.970582 502.722035 546.676792 571.136556 468.969655 637.017259 389.262459 444.144069 442.792558 492.351987 416.641478
586.285919 607.614730 673.737705 524.746931 878.303700 614.475759 579.107063 763.962918 726.528926 705.871140 628.940195 521.208494 661.389271 638.937318 680.503781 748.178220 720.378414 675.759135 765.360951 869.411613 584.433887 579.491382 753.488581 807.888460 778.240819 332.435887 230.474790 446.973679 444.468052 460.921600 233.760912 111.285660 0.000000 281.245828 700.389200 738.197458 734.582973 757.205035 750.074398 812.054381 784.295660 613.090685 569.253388 614.007695 657.962452 681.461967 580.255315 745.753384 500.548119 555.429729 554.078218 603.637647 527.927138
569.395988 677.783512 743.906487 594.915713 816.957576 508.724731 427.107234 647.236088 693.000605 647.427548 543.964538 583.172415 731.558053 709.106100 750.672562 559.459654 516.310394 730.499158 674.553853 651.964886 654.602669 517.583326 682.114256 607.322756 826.919401 247.460230 145.499133 361.998022 359.492394 476.010606 257.279424 181.454442 450.649235 0.000000 588.488013 731.967039 717.693043 672.229378 738.750208 750.146325 733.865664 683.259467 664.069658 684.176477 679.637185 752.590998 650.424097 741.362222 415.572461 470.454071 469.102561 518.661990 442.951481
757.953240 694.742352 779.577260 752.438098 676.149883 699.376301 617.758804 670.609846 623.094226 633.924622 681.395310 627.910240 731.654588 724.620547 648.992049 604.197479 561.048219 692.358714 729.538150 753.344431 710.975759 666.594670 726.852081 652.060581 871.657225 544.566628 442.605531 659.104420 656.598792 655.823129 415.881607 338.976827 227.691167 508.936995 0.000000 495.025243 582.251755 617.801103 547.920581 746.143920 661.903220 560.512099 703.634488 734.923540 722.371620 656.632533 715.527807 778.335801 113.322792 151.803834 93.444158 162.335767 86.625258
306.347414 255.247132 416.171697 285.343641 328.567214 326.511148 244.893651 322.730295 201.072694 265.232082 361.657782 291.604906 380.654799 373.620758 297.992260 267.892145 224.742884 294.481322 238.536017 258.319188 313.432055 171.569427 390.546747 315.755247 447.591470 351.371547 249.410450 255.122385 364.842065 402.479773 459.514813 337.039561 225.753901 386.830035 435.072640 0.000000 163.132190 126.204412 219.458627 251.118677 166.877978 276.719048 372.080683 390.600103 339.373371 245.217592 360.028361 448.470395 90.791085 104.934079 184.251682 352.162468 276.933509
343.483487 297.748757 281.981656 341.307033 253.758852 339.506539 300.857043 336.841595 257.036085 321.195474 228.137849 347.568298 263.454757 429.584150 353.955652 300.665133 280.706276 302.290175 246.344871 314.282580 231.824665 227.532819 339.916778 371.718639 381.692999 310.074167 208.113070 197.508953 295.002767 241.503806 339.806706 217.331454 106.045794 325.951827 332.053807 55.963392 0.000000 134.013265 161.885701 184.752379 109.264546 219.105617 314.467252 344.165841 212.147564 187.604161 328.093082 390.856963 125.680609 160.897471 240.215074 351.358212 332.896900
234.302664 215.588792 307.791084 259.104013 202.362803 267.299714 259.596885 343.324985 221.667384 202.301757 324.113685 260.487863 348.449026 389.418193 357.729920 166.651868 193.625841 168.276910 112.331606 269.859469 248.881244 107.018616 273.250555 284.638204 418.495572 296.981403 247.682477 174.648451 298.790896 312.671326 439.913805 317.438553 222.213427 260.625623 318.510045 59.737660 116.167634 0.000000 198.199528 195.550565 161.478583 237.751971 353.913435 381.889549 328.315198 239.818198 365.806754 428.614748 138.055893 127.163106 243.989342 296.336743 239.929255
217.953936 201.882158 231.656679 231.667052 128.229302 293.285786 278.669607 307.714112 246.432532 251.979426 142.199155 329.773826 274.315526 361.981231 375.396825 235.937832 262.911805 237.562874 181.617569 335.723753 223.144186 176.899138 249.258159 350.043088 416.024173 239.967129 242.444244 231.840127 329.333940 275.834980 306.624902 184.149650 72.863990 259.214183 244.376544 77.404565 34.331174 69.880522 0.000000 219.083552 143.595720 174.247470 155.713907 201.359606 174.451039 108.711952 167.607226 230.415220 133.886467 103.115854 170.024893 322.125647 246.415137
333.421393 314.707520 358.052934 356.062403 252.624653 220.171122 186.004953 362.322799 311.152198 265.382582 263.125218 296.679911 398.710877 419.900374 344.271876 230.492988 229.817890 267.395639 211.450335 368.978198 205.635942 206.137345 365.397982 320.830252 399.442874 204.154539 296.024184 222.990157 380.057098 349.411700 424.837098 302.361847 191.076186 359.744352 312.461356 144.854891 153.873039 99.118729 179.625529 0.000000 134.745750 244.586820 279.553736 273.473617 287.994680 193.838901 239.721237 407.768842 134.536150 189.417760 216.112744 217.529441 292.892466
237.280119 188.484211 266.038885 247.227653 180.850458 230.241993 278.489461 227.577049 245.678971 227.050476 194.820310 285.236581 326.936681 377.541833 347.574042 191.400587 218.374560 193.025629 137.080325 294.608187 171.371927 120.280787 230.652232 309.386923 358.156984 210.577360 161.278434 88.244407 295.029817 241.530857 359.246058 236.770806 125.485146 272.777063 274.052518 49.581783 85.902548 24.748719 52.621155 136.788372 0.000000 109.841071 205.202706 251.512961 172.495394 78.339615 218.828536 281.592417 134.070335 122.636837 222.646049 317.308080 241.597571
548.979801 530.265928 596.914057 583.411942 610.114976 449.506557 367.889061 395.433642 430.579648 494.739037 475.836441 414.362799 518.146084 585.569187 584.974472 390.650038 347.500778 482.954047 427.008743 584.536606 465.547126 514.770790 472.301129 438.513140 658.109784 295.833675 342.369354 421.620787 461.360399 407.861438 530.509533 500.326711 413.119264 575.302760 405.352860 467.489834 523.919807 407.752174 569.940592 591.154925 565.056048 0.000000 221.184506 193.856551 285.446618 196.431482 259.666352 279.922033 378.131115 269.278191 412.974526 450.002468 374.291959
327.795295 309.081422 507.743310 380.414400 402.315029 228.322051 146.704554 194.709530 337.806196 313.570825 393.600012 353.980493 386.836634 364.384681 494.960753 260.144499 287.118472 261.769541 205.824236 363.352099 334.000348 363.569068 349.876670 275.085170 494.681814 353.050644 385.847347 312.813321 392.283527 465.078407 499.200694 416.103808 328.896361 354.118254 201.071225 371.504919 427.934893 311.767259 475.521761 427.726955 473.245842 57.216969 0.000000 114.722971 159.731544 112.208579 82.024407 176.499997 226.836561 190.144611 294.515383 322.864948 247.154439
442.404599 423.690727 540.254071 414.537532 516.924333 342.931355 261.313859 273.887174 373.919662 428.180129 446.228910 468.589798 324.289533 478.993985 432.413651 374.753803 401.727776 376.378845 320.433541 477.961404 448.609652 478.178372 415.641143 389.694474 609.291118 379.774060 426.309739 427.422625 469.648170 491.801824 538.489020 443.666725 356.459278 464.363741 240.119515 382.240383 447.305833 425.680196 412.974660 503.555271 543.314344 83.940386 114.609304 0.000000 120.213272 139.771495 196.633711 248.043675 184.274564 75.421640 286.407843 317.800790 326.744773
436.449314 417.735442 605.949775 489.068420 510.969049 323.979089 255.358574 303.363550 316.920890 381.080279 425.446511 427.572231 412.374381 389.922429 428.982882 368.798519 395.772492 370.423561 314.478256 472.006119 415.773008 445.341728 404.222521 356.857830 576.454474 395.126846 441.662525 421.467340 349.434898 461.188779 418.275748 417.506314 306.220653 462.772273 119.906243 409.309057 535.390682 420.421279 501.059508 383.341999 518.087748 99.293171 108.654019 132.018277 0.000000 205.467199 190.678426 184.950309 186.459990 207.439917 166.194571 197.587518 206.531501
394.051082 425.651777 400.482575 429.437215 536.076193 305.233111 280.465719 199.002160 234.148166 298.307555 456.920187 372.442925 471.205529 464.171488 388.542990 348.730164 305.580903 395.530706 339.585401 391.792679 328.579521 405.789482 275.869647 396.593266 522.386453 293.156872 373.078578 418.943985 443.590677 472.355280 426.370481 303.895229 216.687782 473.855397 214.062022 331.364454 467.870077 445.528423 528.020718 477.497778 498.242432 69.664199 133.761164 173.173346 94.155779 0.000000 140.488922 279.106088 280.615769 243.414486 260.350350 286.982979 300.687280
329.622977 439.082350 502.649476 448.289912 532.315957 228.756036 276.705482 298.258248 336.315067 400.474456 464.352244 423.820689 358.041913 428.828161 466.166031 390.145427 380.336148 391.770469 335.825164 462.860188 331.060835 360.629554 346.937156 272.145656 491.742301 328.669045 375.204724 367.367534 392.605120 440.696809 495.982885 406.062130 318.854683 484.119181 171.513715 384.895046 371.489089 392.853367 446.727039 424.787441 480.753635 32.835370 130.000928 33.752380 77.707137 102.166901 0.000000 168.047604 144.812155 109.174020 220.592162 240.840542 165.130033
335.256863 285.936756 493.295522 401.628292 430.781803 173.077099 175.171328 130.210644 326.961113 335.878851 345.846167 382.447267 415.303408 392.851455 481.355937 288.611273 315.585246 290.236315 234.291010 391.818873 308.782540 338.351260 324.658861 249.867361 469.464006 288.942956 380.822725 307.788699 224.557516 452.558298 499.387645 384.402497 273.116837 382.585027 160.905582 224.358748 387.490938 340.234033 443.817375 402.509146 391.236726 65.300250 28.466774 102.720599 81.111898 92.812947 82.840708 0.000000 227.652863 178.142239 199.784941 277.050481 247.530840
958.566444 1204.469167 1153.523185 1156.496323 1197.612638 1038.322956 1198.642023 1180.101496 1206.309630 1208.958570 1052.787392 1146.100382 1193.149589 1224.994088 1149.365590 1122.387621 1079.238361 1157.157286 1101.211981 1098.793655 1229.165901 1258.734621 1245.042223 1170.250723 1389.847367 689.869480 654.321987 742.653084 656.814201 603.315241 1048.697852 1035.427875 1119.221852 853.973433 1286.445970 1106.778896 1106.863498 1181.052232 1268.749200 1233.197236 1216.128044 1152.234874 1172.892512 1287.615482 1268.299961 1280.001010 1254.916919 1187.188064 0.000000 54.881610 291.975165 387.279376 333.421220
1067.419367 1149.587557 1262.376109 1220.920535 1306.465561 1147.175879 1193.595651 1125.219886 1172.054578 1154.076960 1161.640316 1158.481745 1261.689863 1239.237910 1258.218514 1100.650634 1127.624607 1102.275676 1046.330371 1043.912045 1195.947626 1265.817682 1207.249321 1218.636970 1352.494338 798.722404 763.174911 851.506007 765.667125 712.168164 993.816242 1144.280798 1228.074776 962.826356 1300.689792 1215.631820 1215.716422 1269.256631 1350.064421 1342.050160 1324.980968 1171.750737 1281.745435 1315.888315 1283.270190 1366.312194 1363.769842 1296.040987 108.852924 0.000000 298.062080 332.397766 278.539610
1003.416360 1167.998046 1198.373102 1201.346239 1242.462554 982.839314 1240.752204 1081.073507 1234.574987 1253.808487 997.303750 1190.950299 1177.614004 1269.844005 1194.215507 1167.237538 1124.088277 1202.007203 1146.061898 1143.643572 1154.571961 1184.140681 1170.448282 1095.656783 1315.253427 700.799442 598.838345 787.503000 701.664118 648.165158 1070.924395 995.099412 931.845883 813.644970 1315.565529 1151.628813 1123.239344 1125.568590 1266.299131 1248.298567 1232.503890 1072.599653 1117.408870 1232.131840 1248.499709 1154.343930 1199.433276 1194.701434 44.849917 99.731527 0.000000 168.392336 92.681826
975.836974 1221.739698 1170.793716 1173.766853 1214.883168 1018.912122 1105.792030 912.681171 1211.941280 1226.229100 1070.057923 1043.015411 1210.420120 1242.264619 1166.636121 1019.302650 976.153390 1174.427817 1118.482512 1116.064186 1126.080931 1155.649650 1141.957252 1067.165752 1286.762397 707.140011 671.592518 759.923614 674.084732 620.585771 1065.968382 1052.698405 1071.339842 871.243963 1287.074499 1124.049427 1124.134029 1175.584057 1198.593204 1219.807537 1193.708660 904.207318 1125.391824 1098.063869 1189.653935 1100.638800 1163.873670 1156.199180 17.270531 72.152141 139.493959 0.000000 232.175786
985.263977 1223.460176 1180.220719 1183.193856 1224.310171 1038.301443 1181.502539 988.391681 1233.007164 1231.176274 1052.765879 1118.725920 1219.847123 1251.691622 1176.063124 1095.013159 1051.863899 1179.374990 1123.429686 1121.011359 1201.791440 1231.360160 1217.667761 1142.876262 1362.472906 716.567014 654.300475 769.350617 683.511735 630.012775 1070.915556 1050.561542 987.308012 869.107100 1313.143504 1086.520910 1030.557518 1164.570783 1192.443219 1215.309897 1139.822064 979.917827 1172.870999 1173.774378 1242.705082 1176.349309 1239.584179 1213.885597 26.697534 77.099314 55.462129 75.710509 0.000000
DEMAND_SECTION
1  0
2  9
3  9
4  6
5  4
6  8
7  1
8  8
9  5
10  10
11  8
12  1
13  2
14  2
15  5
16  4
17  4
18  6
19  1
20  8
21  10
22  4
23  3
24  7
25  4
26  9
27  4
28  1
29  10
30  10
31  8
32  2
33  8
34  4
35  1
36  6
37  3
38  2
39  7
40  8
41  6
42  4
43  4
44  4
45  3
46  8
47  10
48  2
49  7
50  4
51  2
52  1
53  6
DEPOT_SECTION
1
-1
EOF
