NAME: ft70
TYPE : ACVRP
COMMENT : COMMENT: Asymmetric TSP (Fischetti) with demands added, capacity=50, HP (asym_scale=1.0)
DIMENSION: 70
EDGE_WEIGHT_TYPE : EXPLICIT
EDGE_WEIGHT_FORMAT : FULL_MATRIX
CAPACITY : 50
EDGE_WEIGHT_SECTION
0.000000 621.742522 956.079996 1030.920584 1003.609900 718.557613 1165.934381 1413.878825 1262.069054 1016.853338 1102.498789 945.181373 1359.836972 1146.290348 1203.780182 1212.659170 1296.909975 1318.267942 1282.385432 1508.670646 953.824787 1015.250011 1275.863660 1141.537200 1013.592476 631.324182 868.029494 1060.851213 1165.538402 700.811135 1299.533474 1147.079414 1432.732290 1407.655980 1348.353975 1065.699298 1078.786502 655.383938 768.171938 1293.101959 1407.088136 1240.360390 1316.911223 1257.812590 1327.227372 1363.434710 1018.645723 1558.457741 1723.948099 1543.789917 883.329119 1098.686944 1210.241415 1044.254526 1017.802916 1000.998626 769.532474 1355.033704 752.240232 864.680932 1140.849955 1526.957548 1292.909475 1171.529066 1220.838937 1388.517209 1198.083140 1380.354403 1322.433409 1175.179385
471.027798 0.000000 1427.107794 1059.718641 1296.679379 1189.585411 1328.977477 1271.692591 1372.932114 1487.881136 1055.948147 1015.464621 1313.155684 997.032834 1216.617828 1580.183532 1192.401334 1119.877610 1353.535882 1514.052280 1212.893777 1395.349788 1441.948106 1612.564998 1337.093886 1102.351980 624.547297 967.697518 1154.029318 1171.838933 1376.023129 1253.854740 1291.293605 1331.657823 1156.005222 1496.430673 1038.565732 1126.411736 1107.200658 954.803261 1604.951240 1160.642939 1116.367342 1161.840078 1172.818774 782.140072 1216.909689 1702.001359 1749.331769 1602.600860 1354.356917 1270.809806 1306.932428 1097.177546 1380.364380 1386.319556 1240.560272 1202.605107 1223.268030 1322.405229 616.094050 1428.962460 1364.246284 1148.581936 1376.181850 1315.096577 1295.078913 1737.082836 1364.837793 1298.075849
1063.561869 592.534071 0.000000 956.092340 619.385924 796.919782 1023.039753 601.684868 1099.412380 1072.048587 1122.005836 1250.950671 837.997556 903.669498 1198.721829 877.648673 1370.998694 1194.987218 1342.574618 1168.288847 899.630408 532.015988 973.848670 356.937264 964.688947 1022.731262 779.769285 926.642573 552.343756 762.887001 810.043287 745.878239 680.278458 971.659627 996.063742 818.999847 1068.798509 984.049681 929.425196 1101.083612 1087.860421 1088.363314 1090.621412 1143.944078 1074.499576 426.400320 986.744198 1347.880042 1329.884186 1246.861108 1254.118741 1247.927238 1172.979937 874.087839 1132.090754 933.554505 1010.340174 1054.503777 905.846163 1009.675597 598.198050 1118.639909 1022.092266 1010.695128 1216.308968 940.340422 1090.090000 1051.355337 1009.098041 849.838292
619.588007 1038.767451 1074.197869 0.000000 622.692366 874.479499 963.385713 820.768030 547.295145 692.068899 785.340766 507.533076 880.274056 377.311617 941.743669 851.286561 906.291654 817.352155 662.281706 723.610764 682.117001 479.716980 679.301397 1005.378409 736.319048 1100.706295 804.957441 617.851605 992.578727 572.645441 492.693285 577.808087 1160.295306 1026.738446 1105.945606 828.280471 857.938317 1021.923935 588.894510 1198.674656 1043.623951 737.027792 763.438835 907.711754 639.095007 707.940084 666.217852 1153.511709 1296.549150 1188.088683 524.554195 923.450921 778.028582 1109.064592 1071.580167 714.124992 1041.410561 534.163581 1221.552126 995.713227 527.474611 875.082753 1030.447668 429.657702 947.216916 688.317829 507.154736 1110.304088 757.166306 995.901957
816.649497 725.484541 807.723770 883.226445 0.000000 570.863475 822.035889 733.610436 791.616435 930.016098 921.171609 800.105482 842.988628 938.607334 1056.086043 630.595262 827.499393 996.968492 1194.618470 1238.221014 777.948902 756.241438 554.074853 781.771715 610.783824 486.248291 566.121797 852.976185 808.576999 974.635628 513.360002 602.003105 607.617988 404.046080 966.268679 713.994743 1140.506385 928.600082 601.647700 755.552446 1200.150869 889.546111 966.096943 754.254693 1106.764878 418.461723 1060.004948 1088.421618 1257.223717 1207.688625 844.060374 718.842335 859.427136 753.063677 585.610854 690.482505 418.718194 838.452177 969.094702 758.698459 865.220411 850.845651 1051.114386 820.714786 988.226745 864.569700 1031.558903 1181.904526 1001.159444 906.932213
931.950977 579.266407 593.843224 312.362970 535.645750 0.000000 447.376768 801.602515 719.199715 586.467517 550.339658 819.896047 1038.950444 689.674587 485.222568 994.270220 1180.385819 1129.715125 940.716551 897.299395 640.804093 391.626078 925.135988 950.780488 957.342475 805.501528 860.341768 436.950773 685.348296 885.008412 805.056255 868.857606 1097.491897 939.691830 1035.346958 740.189569 569.642910 922.712621 536.623307 1080.991586 1166.185751 1049.390762 1040.601726 539.254977 614.944201 746.502276 489.141473 839.900128 1005.390486 1307.623939 836.917166 1036.982959 1021.352179 849.728530 579.412339 1026.487962 773.960703 834.646065 1116.369856 677.230787 422.292341 836.173560 1142.837693 742.020672 502.281324 1000.680800 819.517706 1204.703065 897.459716 825.008678
520.411951 826.898981 728.922252 316.559955 775.727969 1164.254826 0.000000 354.225747 863.855100 1003.463462 1035.372474 718.370473 861.467056 693.871572 1258.303624 789.792248 733.009051 777.346649 750.756594 449.922627 681.790679 796.276935 668.121866 923.906075 606.873437 1079.115941 903.949853 925.099155 675.083502 752.011384 809.253240 894.368042 1262.145245 646.041983 630.380968 888.573662 1138.882954 646.836376 631.112057 1186.887058 1210.600167 883.776707 1079.998791 1224.271709 549.331378 585.063167 982.777807 964.258990 1223.707516 1401.155342 543.612721 589.606191 699.068989 836.755855 1083.490950 818.514928 1006.962118 850.723536 808.545814 872.420249 789.446341 850.124016 738.996182 746.217657 432.666967 601.468666 686.717603 1023.454925 758.772555 654.026497
1103.487605 670.317443 1133.487254 483.899598 778.402389 975.936972 1320.975365 0.000000 939.339357 1175.968497 981.592673 991.432674 1224.641833 747.107781 982.877793 606.190096 923.507959 593.302350 956.370923 1006.013817 1078.203147 963.616578 987.438361 1064.872252 1071.048684 995.128135 1040.065296 860.137934 760.531485 1056.545040 899.692311 943.806497 1386.020377 708.613628 829.881164 1292.204997 1121.558193 1105.687469 544.808269 832.661311 1296.048149 949.005767 929.624232 1111.985152 1122.994605 1190.070346 870.322833 1126.761284 962.390202 1046.929595 1008.453793 1061.488071 672.553079 995.143369 1040.856036 822.622231 795.436337 1018.063179 1245.167414 987.191232 1011.374210 1358.982351 1420.208963 913.557300 904.819690 1172.217427 595.818788 1273.567902 713.971860 951.815717
948.109172 817.901279 883.552190 788.669549 700.620832 888.980586 529.703556 762.939605 0.000000 928.807018 1202.686136 836.850736 528.036971 1165.981166 1066.960578 1077.255748 1172.035704 1307.050205 1183.218586 979.626183 1211.494235 1268.386529 1161.693111 747.272691 1010.287422 763.866197 1170.104712 1051.997530 1162.825236 1281.714940 996.501288 1136.213666 1228.864816 1104.666912 570.139831 902.469366 1074.513714 839.944534 880.124916 1232.159615 1591.648732 1175.057679 930.751585 989.926211 1029.201919 961.972664 478.205657 1493.962546 1163.466379 884.241580 591.022002 1119.309747 1129.470684 1301.182555 1014.509400 1323.863046 1052.098736 846.591934 1296.181590 1150.083323 785.339649 1334.748227 1138.807719 1036.842347 655.423247 894.155012 547.778453 1289.255742 1150.962688 1118.109680
1242.604753 771.576954 1107.188446 965.483727 1240.172256 804.980385 1123.598923 481.584129 607.590648 0.000000 889.276194 447.052364 624.324178 742.995318 1004.347032 1087.774226 761.340337 1074.886479 1032.365985 1237.876802 1179.454049 1003.582569 1313.057598 1354.863339 960.330630 942.493093 717.471504 960.760280 1242.115614 1403.895814 962.609889 1104.905023 1134.779992 1190.197758 1177.730480 674.376135 1221.101755 1359.860870 823.004102 1142.543969 991.111318 1005.218845 967.055170 970.193863 1273.412740 839.995599 1085.796306 1270.940362 1443.974332 1313.945926 1198.612651 1106.041609 1154.137209 916.261744 1164.141480 1201.069548 1070.077855 1285.129801 1059.884503 1053.413864 1053.662058 985.454306 766.618940 900.677096 886.736204 519.225130 796.672113 941.211389 783.978323 895.966364
990.395551 1138.661276 1272.343001 1094.827129 480.828141 1046.760816 1024.440467 610.927531 589.569330 708.270972 0.000000 1001.088740 488.610786 680.307667 930.608238 675.371152 1308.327534 1204.229881 1277.830702 1053.788049 1258.777043 898.296244 1034.902994 1134.053308 1091.611965 967.076432 1033.540855 1219.395338 961.972137 1268.182422 994.188143 1082.831246 1088.446129 884.874221 911.715285 1194.822884 1260.214624 803.678085 1082.475841 530.651927 1288.034596 981.314295 1295.329284 513.666793 1261.181087 569.542738 1041.915834 1509.147779 1277.900960 1113.192143 685.634119 1199.670476 987.671653 1233.891818 1066.438995 1171.310646 899.546335 972.250312 1446.608066 1134.608394 1346.048552 1331.673792 1233.419835 974.032225 1226.040140 1092.949727 867.522171 1323.191567 853.155088 873.924515
814.561717 1003.822929 660.136081 758.247323 793.119891 445.884352 828.413451 549.272374 368.733579 992.478661 511.282816 0.000000 491.900316 906.595278 557.294668 1028.167537 698.153116 1142.574723 1053.368420 790.824438 732.401685 837.510430 866.005233 964.151817 908.720941 1132.599776 1306.226121 882.835125 975.919952 1030.485182 1091.313992 657.852658 851.489809 1176.543356 938.873410 802.815210 774.049391 912.808505 622.332893 1041.934743 1396.094842 1000.337733 1233.256133 523.141498 1060.828553 1080.825554 846.939236 1129.968082 1287.375666 1174.716403 959.755581 1042.854388 946.195814 695.039820 1025.296691 1186.941635 1211.838085 1215.325513 1392.214204 1054.618692 868.176694 1282.057913 1164.585612 453.624732 439.683840 748.006478 411.885117 900.625156 1204.509587 1029.340341
1204.905266 1061.630032 1182.709729 633.210961 1175.854803 837.534163 866.168578 501.985319 815.715215 890.794091 695.026662 885.344859 0.000000 1010.522578 538.923607 1108.175415 1093.653409 1095.287668 1030.948567 1256.949609 1251.056554 1112.927941 1097.212340 1357.750677 1040.222212 1372.799273 1142.267183 1189.842928 1066.941181 779.571636 1008.162445 1211.019048 1184.433524 1210.598947 764.434905 1376.197190 1407.177073 1102.011890 1046.793588 828.985733 1602.457845 1267.278183 1343.829016 1208.693455 1222.061346 1264.569400 814.211259 1281.677974 1357.761452 900.671146 1157.765156 1290.575611 1174.538398 876.188237 846.297760 1068.214577 796.450267 1167.374542 1263.510244 1174.962174 1160.685573 1408.108004 1287.777554 791.363693 770.669359 781.670308 745.949666 1203.656567 1135.305961 1172.258321
989.124602 983.528120 1208.218174 937.718449 652.880909 1086.407882 621.158494 582.841961 377.880524 1005.282918 947.996740 664.770551 813.317335 0.000000 564.432052 968.493437 1354.167546 952.345530 872.713573 1035.581292 814.288814 1208.901977 1206.955762 1125.153215 1228.031931 888.513874 1219.002707 1034.363019 979.007589 1373.169878 1098.960056 1254.884015 1260.498898 1004.093152 948.020355 1280.349890 700.218029 1204.099354 1127.650230 1252.428614 1348.948633 1280.614623 1171.176846 1187.912049 1170.489872 1071.342632 847.835983 1255.303103 1541.346903 1262.122104 968.902526 1208.532066 1036.681161 1354.186549 1238.491763 1194.079020 1071.599104 1224.472458 1032.003119 961.734943 1163.220173 1471.282510 1360.154676 518.137807 1033.303771 957.136055 925.658977 907.335777 862.940989 1275.184991
993.734222 522.706424 643.786122 948.323315 683.185330 1254.048805 631.763360 985.989107 395.715664 506.392951 383.564688 953.445315 872.175474 1063.872355 0.000000 875.433548 1267.733288 1343.956170 1252.460741 718.026002 809.149975 720.283930 1212.912775 1000.723385 866.956956 972.513145 1147.253721 1163.809445 1196.129878 1136.412179 1196.545332 1230.700122 746.608303 714.879340 965.855495 1068.847421 1274.342535 1159.187450 761.249636 886.161292 1282.089876 764.822552 1192.215751 868.192332 1181.094738 953.107426 873.921321 1047.742410 1396.214032 833.173235 712.573139 1192.453808 1226.946789 979.760268 1124.505636 629.646967 1101.903524 1242.307598 1099.989148 1344.384114 1138.800474 1401.022021 1141.447201 275.025979 963.080905 604.446561 846.079660 1026.432820 699.481007 1168.257083
601.679280 613.346591 845.731316 797.434005 757.415836 643.458491 759.366667 826.511006 1001.238024 1084.498951 1173.290951 662.008135 906.689596 796.350195 1077.147417 0.000000 827.237156 893.858651 1294.325840 806.473488 923.124916 684.483608 1032.209401 458.682156 464.858588 1165.351357 710.715155 544.024186 833.296385 903.600947 981.517686 530.968424 1210.556879 749.196886 1097.808634 822.890820 1016.765180 893.136116 989.662109 1088.105439 952.710590 873.453499 1106.371899 979.005766 1117.571784 750.399558 990.224917 1179.949680 1249.709487 1104.730580 996.455640 1171.938427 1031.054355 790.225092 1108.499383 1065.847289 794.082979 834.520440 776.106363 921.885807 749.347502 1435.339567 1037.701377 850.243878 908.079979 951.721066 571.630930 857.085304 1186.797967 1282.296998
659.675424 790.535850 777.739890 882.786349 824.738670 570.423379 862.614355 1157.718926 1052.331081 1147.174408 719.107809 902.537162 1157.019564 823.824574 1055.645947 592.129147 0.000000 1161.296299 557.632256 911.805266 894.233239 760.035763 627.403449 742.229424 651.971684 588.679972 1037.278231 759.089431 615.344618 1031.018688 393.160875 998.897552 1131.237032 988.437877 781.172216 431.851462 1140.066288 922.391526 748.427581 1039.060775 1150.861283 945.003743 852.647292 1109.678355 813.994228 943.848230 368.554645 509.600025 1011.771692 1074.682078 665.358953 344.701272 393.881641 752.586724 972.982368 919.465710 762.057199 1066.257145 856.358294 1136.951052 779.749776 1152.400544 727.409812 1037.356974 655.117609 574.046828 603.181860 916.760696 1024.628372 917.902143
781.259649 976.530049 540.184904 887.560156 632.221667 575.197185 1022.573953 1141.869772 850.456963 913.906971 1010.789110 951.603306 1123.533823 821.804056 818.656958 809.428231 429.110348 0.000000 830.179463 795.664596 889.258541 672.847451 394.136012 812.945057 845.228993 637.746115 855.495445 789.836644 672.814169 1165.632266 822.271223 792.999742 1117.464110 1036.267747 1071.200264 860.961810 941.693165 963.376703 561.430434 913.509271 1042.379806 982.683078 906.863916 1114.452162 857.589359 966.585224 797.664993 938.710373 1440.882040 986.908153 516.094857 576.260800 822.991988 401.841019 938.207893 443.349224 993.616727 954.168448 1076.775280 1167.698265 997.489527 1281.442620 1063.880573 962.772252 854.319908 927.278849 991.341637 1146.463455 618.696650 904.905774
828.296927 789.780122 1098.674718 828.266471 648.217717 993.094603 983.260953 600.086671 927.776867 1164.260349 959.909374 794.142804 1211.883073 1078.882817 1109.411048 703.670309 784.646658 764.028050 0.000000 531.093205 485.915307 996.934914 750.168905 965.132992 530.843602 1013.753440 902.937504 857.934280 1043.440217 1053.596378 571.734577 680.963855 1027.749139 442.783845 520.380478 839.271927 704.318225 608.348412 1144.894940 1006.325824 933.075361 689.279011 1057.057138 849.421204 1170.675600 764.089070 1114.310891 1047.037248 1113.707025 1238.857910 635.270569 926.749209 736.752782 1048.577939 961.174764 1007.913554 736.149243 956.360054 664.530685 1089.824891 800.502370 1128.926526 1084.805007 907.142980 832.532495 983.105411 1005.050370 1047.139617 1203.202073 1028.431686
649.193265 582.107044 1163.504802 936.637637 812.668225 857.578593 1199.822078 1134.521410 800.143312 1104.559768 1201.696161 943.050504 1193.537343 1041.885226 1342.801161 778.878379 904.039543 645.568451 534.434739 0.000000 1020.350046 958.569128 808.165134 905.022715 759.281136 629.193313 1128.664510 903.279393 532.889053 939.048304 792.054153 1143.054740 1274.288085 901.628708 1028.657310 751.055450 754.630150 675.008583 1206.998884 1306.840735 1068.405718 798.141760 1111.107825 1006.275243 722.023227 1089.487934 805.093636 769.202555 1426.025368 1538.044594 882.999046 610.627778 655.540077 825.047789 633.568322 518.629994 990.885471 805.351545 1017.524983 1188.334709 1005.370078 1187.208475 842.697880 1144.666426 718.216774 1171.522620 852.400404 1154.691555 1147.702700 626.319929
1219.920072 878.296611 1114.059374 1097.436680 1135.424623 829.520538 1081.289781 892.178481 632.865569 678.345043 692.021577 1113.437231 725.967766 707.027469 1191.765038 954.877467 560.244648 573.874470 668.501917 817.044047 0.000000 1050.567174 968.010482 1022.896021 499.301506 1124.723282 954.178498 871.214385 849.587201 1216.080288 855.364872 843.447764 720.419322 1031.939938 1188.882395 471.567344 590.111697 845.767484 765.498161 866.653993 1024.168920 1125.177103 571.141831 835.179169 779.555705 978.161692 894.861536 1069.844673 1370.025050 1100.882058 1030.898558 904.945920 954.126289 975.715489 1408.932877 930.572683 1072.949774 766.173584 1333.032602 741.739911 872.897600 672.253755 1109.257524 509.849127 682.535139 758.089401 677.210726 844.192010 1112.633143 591.250372
1011.435716 969.256262 1219.946016 807.583720 1174.607798 1238.014293 491.023765 845.249511 733.193702 1227.320914 1199.491724 1095.230503 975.532394 835.525363 1296.853006 833.883945 1224.032816 1268.370413 1179.899257 888.167376 1076.214204 0.000000 976.574829 1060.243475 671.433079 993.399509 468.715690 763.729775 802.216078 990.303472 949.490947 617.670949 1410.576968 682.366195 1121.404733 348.563491 1181.270373 1058.521073 675.033583 893.788156 1337.732743 960.156024 1080.094855 930.072747 674.532666 879.044975 1031.208359 1366.741734 1336.412012 1308.381623 787.294548 715.911250 883.523926 940.207262 1113.263996 1230.487949 1060.458047 958.133680 1247.414818 1057.555400 978.307822 1207.600460 1124.403902 783.778722 684.292980 625.162903 902.609887 1047.149162 632.264960 916.883239
662.037411 701.361364 755.018990 915.151303 912.701092 602.788333 1050.165101 920.314755 715.027213 519.770959 616.653098 772.310143 1033.767594 837.669550 815.824808 583.217714 1226.945266 1145.396711 1166.823132 878.903174 666.700617 640.666110 0.000000 737.856285 501.436442 458.452952 544.954522 547.854411 922.159354 1223.909346 785.879896 979.761244 1335.789237 1252.065049 677.064252 892.828068 1118.418388 792.399417 981.840400 519.373259 1457.676019 970.035627 1237.842449 1118.250291 1217.732533 980.296628 606.876975 1351.098225 1270.390800 1130.434694 1033.033494 1191.217031 807.478687 880.391847 1182.200672 1009.700376 780.115376 744.702118 729.777874 814.735518 1025.080674 1338.954372 1111.392460 886.821732 1040.163323 952.543102 627.426781 975.556401 932.761365 862.645847
886.999297 415.971499 1033.825743 751.823603 817.491178 439.982519 798.249954 918.892287 742.475116 715.111323 890.856005 985.733947 679.707919 742.405840 925.205087 767.893927 1129.484347 1167.835553 985.637354 1248.172581 748.988181 727.009307 1100.854753 0.000000 762.431525 706.669201 422.832021 656.826981 415.552545 659.183044 674.717645 388.940975 989.244209 713.459804 639.126478 971.516895 950.531357 627.112417 871.775703 744.146348 951.069210 731.426050 733.684148 979.237495 717.562313 972.151426 629.806934 990.942778 1107.682038 1580.379064 897.181477 946.423603 816.042673 850.073162 775.153490 834.849397 816.233670 732.698780 548.908900 974.911401 730.410846 1027.066103 665.155002 653.757864 918.219069 583.403158 860.850141 694.418073 874.083206 861.166076
922.902334 657.162358 946.760829 823.866295 748.945231 926.869200 749.093248 1103.318995 925.919740 1084.946172 889.130395 958.635619 932.169514 548.039216 905.036110 997.577278 1055.958372 841.324959 1123.793635 885.275768 1028.254556 635.366534 860.098094 523.594515 0.000000 1045.094609 714.243318 371.912879 512.596615 803.134841 638.984002 803.819712 1197.388788 786.356546 1087.367050 900.646034 799.731677 896.273009 656.947490 623.246852 1048.113280 1044.476184 1024.689086 1029.393051 1186.459011 478.860186 942.093834 849.661783 1522.560774 1299.320974 531.597052 812.241938 1014.357210 1073.426897 1114.867632 845.412579 573.648268 655.844878 883.107672 670.414250 873.653259 1034.946749 609.956018 385.385290 975.910291 486.862479 474.206768 571.120702 976.566046 966.519440
1128.418908 1025.242508 973.993272 586.530202 862.052651 759.741543 720.815170 782.554643 682.590770 919.320878 825.140007 313.857191 728.512790 514.966165 761.042128 619.912684 1012.010307 686.943759 708.370180 1046.928916 731.277211 547.705485 644.539478 783.356293 416.207556 0.000000 1016.421176 788.120435 811.457685 765.456394 930.544644 971.709849 1107.328413 1151.154025 717.029793 434.375116 1087.906581 1111.305826 936.190084 838.279669 1120.214903 903.084760 1153.191829 796.930583 842.162777 895.067741 801.201519 1075.801733 1310.356340 1488.573593 925.083050 824.925715 989.856813 1008.897011 846.922272 560.713998 833.823599 1072.052434 1208.707101 811.427378 1114.004813 1317.932106 1026.163574 664.965877 753.541031 903.070034 725.742308 773.983819 706.187151 1181.552257
800.385709 1348.565010 856.532945 790.297633 1025.366446 769.298603 704.430180 955.327498 748.384817 1119.809657 1132.204685 626.514812 1118.415128 372.485537 936.917589 1151.871691 1207.636027 875.620344 765.946711 889.504983 1131.344491 1024.732047 1158.446822 1084.165699 712.546589 813.344151 0.000000 748.129378 711.197757 1038.755819 970.362857 800.876016 941.861277 707.110526 1269.333125 880.984926 1039.542150 698.098623 845.536521 425.072465 1246.714422 875.734833 971.643620 1149.656311 997.419932 1085.321796 638.295417 1178.996077 1519.617079 1486.367669 790.052334 646.262509 684.761783 828.242650 1003.158029 761.772259 973.876799 1009.324231 891.305146 1081.672221 759.518104 1133.384661 1307.608969 871.967969 858.624361 1161.057067 771.786982 1279.821314 1120.497554 768.345053
933.257493 1055.829656 789.246749 919.617378 650.112186 1090.973548 738.626840 887.289502 893.536290 1007.956174 761.106298 940.211477 955.267629 688.425600 533.123231 813.454816 1172.450204 1147.016018 1000.376012 1184.409354 1000.931497 458.014197 488.185215 675.420807 709.795420 673.181730 593.568563 0.000000 1090.973352 755.995346 882.456094 431.906833 1257.730174 950.597530 969.477317 528.733155 570.563977 616.342597 1075.179759 934.830316 1297.834849 774.391908 835.915349 771.243465 899.293760 699.810304 1095.062190 1281.256532 1150.647895 1366.296466 776.725584 1046.636243 662.895987 1062.583330 1125.704181 1055.142595 783.378285 397.695292 1084.039352 377.861622 926.804684 1177.126114 938.639786 802.059994 603.997412 664.647415 942.094398 1086.633674 1024.091984 1014.619979
1023.336591 826.021194 965.433393 403.748584 720.913225 612.175934 712.956685 707.309446 722.330090 710.679345 941.927700 698.606915 834.297150 781.060201 907.422048 573.124887 985.373919 752.283007 943.704516 1074.084027 912.602705 542.373237 862.484032 956.140065 897.777853 862.728019 595.775457 374.298817 0.000000 790.160765 259.165100 779.837585 841.173049 854.442101 800.262937 725.727981 944.862794 788.395750 992.643094 920.946723 535.516665 811.007967 794.656181 793.851106 843.731290 556.598881 815.703078 818.138056 1382.113276 1377.059669 883.338598 885.771897 898.705359 664.627265 770.978784 696.666941 457.996418 502.160021 484.635930 655.445656 741.306483 1221.910215 796.919483 701.336041 945.669888 1038.946231 541.991409 1373.715053 890.632596 581.476970
1339.805965 1087.782580 1372.287336 1281.992310 736.598849 1194.094363 1178.283650 981.599668 1014.928131 664.592322 649.607738 1027.299719 930.362490 964.865231 1116.163818 1151.888839 680.130541 1158.262636 898.564421 1010.456430 654.174198 992.644872 771.797629 958.525763 786.191850 911.566084 686.898011 583.040587 1020.559745 0.000000 1073.291416 1014.947420 731.921155 839.763439 951.624968 1111.773742 1153.604564 682.425226 1338.246549 1111.970476 1434.129424 1167.502749 904.877375 1040.460089 831.017712 958.698206 672.523657 933.570972 1381.526884 1278.140293 992.537946 947.215567 1074.012181 763.763502 1114.573427 628.168895 1155.317043 872.007053 1395.144665 960.902209 1178.645662 826.146412 942.134317 784.347830 1039.139579 687.706073 965.153057 679.543268 621.622274 906.362880
960.272557 851.009667 1015.203251 733.722997 957.005777 421.360027 868.736795 951.718587 1000.077701 1007.827544 685.777622 717.145785 1174.388408 1016.602892 906.582595 358.593277 1185.830432 1057.353297 1120.861377 814.918927 1059.084745 812.986105 606.814569 696.974965 823.451864 611.707151 644.117355 858.310800 1106.708323 637.857813 0.000000 889.561701 940.558322 595.277001 844.487477 976.685175 991.002937 529.230651 883.352942 786.437271 1273.111037 551.842868 661.095393 960.615003 805.867500 655.474273 556.537979 660.818424 1426.750513 1463.323857 706.477755 1006.001477 1069.062402 1148.818369 1000.772366 663.709492 1140.879752 972.332053 990.764731 793.919604 482.141383 962.745115 537.754383 900.371418 731.043948 867.222671 930.224206 1155.806524 631.467496 1101.051865
1142.897562 1072.353599 1048.063044 979.503908 1109.231372 667.140937 1092.904633 1091.234094 997.576172 609.649965 1022.240262 984.269383 703.076051 619.695647 814.913846 809.142538 740.543372 1213.303184 887.064978 1021.744142 1026.806721 1058.767015 711.913778 1147.524227 1086.619748 670.412192 823.939811 955.673110 1068.649150 372.632523 450.549262 0.000000 1104.553678 518.690698 1080.913297 864.334894 1100.194325 561.699538 1085.641510 750.097838 1063.753244 342.485075 575.403474 1162.905919 586.603360 932.375537 773.360523 945.638166 718.741063 1414.007199 508.240502 1002.656061 1046.689184 701.565010 1025.043661 906.817197 635.052886 1025.243814 734.361546 630.680077 932.690645 931.723684 506.732953 784.185664 1058.798675 949.079704 1096.812355 1052.175791 897.580491 1015.359947
846.870521 691.393972 1221.323461 1098.179883 1092.979583 959.291483 859.212863 702.565690 610.623932 986.075430 648.377800 1104.998222 777.456385 815.503335 975.990628 686.860675 690.720237 1287.576286 1065.828284 971.613475 1133.005089 900.881594 466.304471 1093.488759 604.231314 802.267469 880.010501 442.867397 955.797814 671.236998 537.931456 484.091819 0.000000 614.153595 861.049491 819.519371 974.730566 801.236217 808.940643 805.259974 1371.858235 826.576894 794.860850 1001.321895 499.146890 1025.814616 688.016753 1198.749880 649.605729 1011.413642 992.332321 1035.421508 765.298727 936.589348 1132.544513 952.797622 843.798267 724.075791 926.732978 820.729019 1020.072840 1206.363380 936.511595 989.616604 1046.864809 558.477873 521.120147 663.563531 1025.425418 629.029504
632.006952 743.852738 838.862205 662.219728 997.953670 916.287790 1084.644675 1073.622932 731.611664 917.341922 517.125529 884.826785 1005.736315 1039.531345 982.053336 545.942311 1049.160022 968.467112 1058.076343 1290.373030 734.127903 906.944302 548.857810 1004.624467 649.949162 570.969595 1042.498668 448.930105 1137.581071 683.851377 728.199855 761.518194 769.135961 0.000000 562.222599 583.591369 967.519594 676.896357 765.456236 563.541979 938.825588 563.972254 917.078887 925.782785 727.891754 1086.668268 822.659499 684.375538 886.321060 1439.901569 465.879759 483.965364 778.332125 825.826432 518.390918 861.037693 901.321291 751.465306 565.048622 647.041046 814.311630 686.142681 953.011883 583.181718 1052.927517 853.724934 910.256495 851.977261 1063.426074 585.647841
1108.795197 730.528057 989.395880 617.121912 1131.969885 751.872106 1199.248874 950.865173 974.495485 940.709441 993.338536 1124.654989 1271.831078 628.212484 665.818047 507.115917 1009.336407 1060.209202 1279.403618 1313.589405 831.359698 774.677642 970.042914 965.798072 971.974505 1066.317029 1074.475500 481.857699 1327.265570 833.669339 747.727054 628.914523 658.724985 1135.180699 0.000000 1010.590854 1052.421676 674.364193 1036.085476 779.904124 1130.373265 616.693982 1029.337654 1253.101164 1057.262458 582.967919 1241.013579 1310.204776 593.326548 1403.428708 907.301085 707.678742 816.418220 893.818090 905.205630 753.723215 481.958905 879.552991 1186.054561 579.943492 979.280718 764.608396 914.864289 883.955497 1051.467456 829.994065 626.932775 1185.897316 1006.402004 782.897568
1964.876299 1692.315994 2057.857877 1859.530510 1780.550742 1905.627220 1994.699405 1375.630912 1840.372962 1734.849505 1436.713716 1734.066487 1591.343147 2039.787687 1444.657298 1886.056602 2158.819306 1968.933262 2261.921030 2065.401596 1969.539505 1943.504998 1302.838887 2040.695173 1804.275329 1566.010764 1667.302150 1850.693299 1933.855954 1762.083912 1537.500919 1746.991504 2191.265601 2084.244541 1978.281345 0.000000 837.822436 1316.807402 1342.438219 1390.033021 1850.025854 1479.801097 1160.416141 1622.971268 2187.542629 2006.256454 1531.538068 2198.319343 2265.644299 2277.830533 2001.454365 1680.796683 1870.385489 1934.955502 1428.445649 2074.304265 2026.945006 2047.541005 1733.824061 1717.404086 1809.006803 2112.984229 2075.255303 1439.505787 1595.186347 1178.705410 1301.007181 1600.691669 1381.540940 957.401654
1381.262761 1420.586714 1474.244339 1314.718529 1217.004945 1281.837459 1424.095698 1378.611198 1184.881049 897.027069 1250.073813 1042.045518 1063.380651 1243.154493 1163.730721 1190.854865 1651.890318 1415.132087 1424.098594 1375.944272 1385.925967 1275.893813 719.225350 1244.590004 1144.395883 728.188328 1264.179872 1267.079761 1096.033517 1283.979470 989.580730 911.346946 1415.318024 1430.037644 1140.458909 1141.162752 0.000000 780.466564 504.615782 552.210585 1160.568530 657.200313 470.958816 1525.118911 1401.013788 1271.409960 693.715632 1436.254464 1462.605568 1717.194767 1163.631928 842.974247 1049.283921 1353.293860 1575.110600 1288.902326 1260.330174 1463.927468 1449.003224 879.581650 1093.019802 1444.791836 1418.079899 746.929553 874.198808 605.624739 883.071723 989.450940 550.424723 723.409006
1349.421505 878.393707 867.361934 1143.152424 1434.207304 1664.281717 1598.861169 1189.200132 1470.659763 1581.337050 1190.755684 1613.500188 1364.009532 1383.588436 1074.944099 1434.720161 1841.261832 1412.151485 1511.955241 1562.192904 1559.208233 1399.377922 1492.801954 1224.299198 1058.560462 1299.642997 1502.941004 1430.473341 1419.705691 1591.971621 1420.199698 1380.392163 1342.147453 1679.480841 1449.621687 1206.158950 806.555574 0.000000 1296.452157 1150.907988 751.704198 1194.767887 1277.514391 1212.693925 1359.646323 1293.762254 1421.993117 1172.262578 1716.023529 1864.379797 1055.854720 1400.401644 1577.187645 986.014269 1158.673760 1459.692049 1442.525498 877.839662 1361.025413 1373.259077 666.947898 1479.816308 1603.640437 558.965036 1216.232574 992.652447 1130.018717 1082.435386 795.821811 817.565479
1502.501527 1570.776143 1625.234668 1172.659261 1450.681297 1580.225684 1332.812402 1244.002561 1175.680912 1596.857949 1009.329778 1242.394724 1070.405880 797.800388 1188.927798 1548.450218 1838.511475 1615.481292 1053.864817 988.669099 1539.780124 1476.243018 1414.258075 1469.922606 1344.745089 928.537533 1634.539079 1413.062439 1038.763622 1274.585127 1297.928722 1142.077910 1263.603574 1496.648662 1376.473785 755.581035 1237.677589 757.872733 0.000000 808.152918 1453.957006 908.236675 1101.334094 1134.150047 1281.102444 1578.872516 1305.418118 1757.871654 1673.956678 1902.519010 1650.318412 1599.296878 1498.643767 1431.245495 1557.468824 1489.251532 1496.247718 1174.915076 1282.481534 1293.255206 588.404019 1401.272429 1648.810863 918.975097 962.898769 1130.378203 429.911203 728.759632 928.390219 407.007448
1169.552165 1151.419864 1140.388092 1032.609729 1307.718516 772.072766 951.603501 1305.829248 1084.976802 1358.540283 1322.412424 1540.142805 1347.671813 1091.130474 1257.295334 1161.352142 1684.612552 1314.559198 1389.904505 855.469766 1412.876859 1163.698844 1448.788047 1497.325356 1289.705889 1457.751025 1560.518280 1209.023539 1388.358819 1282.078458 1039.404198 1052.206223 1257.582762 1570.896920 1581.984469 1074.446697 729.562697 273.026158 668.207053 0.000000 1024.730356 450.662368 764.677357 1311.327742 1358.052431 973.656302 1261.214239 1445.288736 1643.336778 1686.867116 1328.880878 1466.097545 1511.009843 1142.834323 1337.332522 1374.099761 1331.696283 1114.424709 1136.205547 1449.303553 939.974055 1283.077780 1558.939176 831.991193 879.702083 801.402236 346.714517 1056.816519 864.655359 343.272588
1023.642411 1390.463522 1615.981705 1519.272605 1187.000005 1293.449108 1576.989037 1035.373007 1047.285481 1326.513188 1308.413381 1012.549032 946.238495 1383.126557 1210.076135 1230.682358 1607.185715 1628.675357 1509.106522 1242.863518 1527.663333 1501.628826 860.962715 1382.396443 1362.399157 1157.674447 1010.641021 1288.524455 1525.519637 1509.946894 872.089081 1261.246762 1390.709920 1467.366082 1218.559992 1071.385066 429.486120 1021.269874 797.693924 748.243716 0.000000 739.547577 900.444936 1237.815003 1499.702344 784.618198 670.288919 1532.907505 964.319331 1605.078986 916.909939 1272.460366 1455.358620 1514.849327 1333.941633 944.228513 1605.718199 1456.120848 1390.620335 1309.067769 1354.230464 1362.600718 937.609987 955.484875 1303.684928 953.666172 1094.958233 1050.655737 979.910842 1091.516304
1146.679235 1271.420391 1306.377879 1530.220406 1173.439328 1238.271842 1380.530081 1398.994764 1268.776280 1629.352654 1241.057103 1160.598825 897.009445 1387.082737 1212.238656 1299.209183 1284.537475 1551.127413 1419.453124 937.773452 977.252944 1284.762535 1454.228604 1096.039574 839.043522 1245.526871 1109.855912 1210.956400 1351.640136 964.760333 1478.027523 1423.284781 987.924132 1473.899795 1289.305584 840.126007 876.397307 474.135499 743.156435 722.913012 721.268169 0.000000 427.393199 1232.304271 1208.240994 1317.903707 1095.238278 1646.398077 1637.529861 1721.865460 1370.640573 1373.520231 1593.313529 1309.728243 1526.177501 1456.403447 1412.691789 858.756099 1532.649631 1509.457772 962.282750 832.415412 1448.999540 972.238628 716.313601 660.136230 937.583213 1082.122489 555.095416 867.349672
1011.555217 1307.551881 1404.721867 1123.241613 746.046129 810.878642 953.136881 1307.362628 1180.561120 1291.238407 1168.410144 1131.990862 1451.044717 1109.331406 784.845456 1369.028301 1573.545522 1505.077431 1355.350559 904.985456 1451.682736 1202.504721 1300.120981 1527.817844 1234.341227 818.133672 1312.167926 1247.829415 1129.121257 1518.795605 1259.406131 1348.049234 1353.664117 1046.506595 861.912384 809.162118 901.031689 635.714168 663.885950 746.664187 689.609713 554.035272 0.000000 1184.614454 1425.822843 1164.507852 1300.020115 1398.299370 1455.238932 1435.408026 1496.749603 1296.722419 1497.316141 882.335044 1331.656983 1378.847670 1164.764323 1196.461441 1162.814525 1441.855876 1233.170984 1321.014185 1627.219700 956.673219 497.488687 708.841752 948.461750 954.488471 961.339244 439.956472
1096.022281 624.994483 1218.090449 1004.670603 1407.966612 1129.457676 688.110647 1042.336394 1136.616270 1230.884300 1057.071389 1403.718965 834.922709 1294.293159 1292.592815 1289.642624 1308.767693 1034.218503 1438.867241 1138.033275 1369.901326 1312.230104 1319.349714 689.475158 746.253944 1172.230446 1112.307179 877.183688 1105.027703 1135.607497 931.049348 1078.416133 1294.639454 1334.152631 927.481207 1163.754721 1225.233802 1316.587575 1319.222705 1369.500795 1640.544368 1057.479705 1423.159306 0.000000 747.514294 1225.114129 875.451198 1090.859544 764.234167 768.368963 1162.266800 1147.147395 758.212403 1436.059523 1337.313131 1283.796472 1319.902211 1274.878980 1238.384057 620.941601 1241.088533 903.364237 1223.129752 1120.313198 1022.378308 579.282934 711.498970 809.524774 681.368088 681.569516
1424.903093 1436.570404 1424.407997 1620.657818 1580.639649 1466.682303 1552.529766 1284.577524 1541.179356 1480.469442 1529.028380 1485.231948 1729.913409 1446.476191 1145.463692 823.223813 1650.460968 1421.014130 1303.261299 1629.697301 1636.521944 1507.707420 1210.080159 1281.905968 898.436976 1516.496869 1533.938968 1080.608923 1411.033590 1541.435264 1537.420977 1354.192237 1892.071995 1340.277744 1653.799908 1568.902932 1346.021182 1061.207589 1555.384466 1431.409031 1432.301537 1696.677312 1816.979998 1323.435889 0.000000 1377.297161 1200.443422 1334.970579 767.848642 1750.281417 1430.034027 1710.678913 1613.024644 1613.448905 1858.668662 1743.849554 1472.085243 1082.017883 1599.330176 1458.470545 1572.571315 1933.383725 1508.392994 1168.427812 789.212146 1272.769324 928.346959 1360.419410 1180.924098 1634.539149
1661.136879 1490.695034 1760.467467 1373.004396 1648.526845 1546.215738 1151.576461 1505.802207 1362.023374 1705.795073 1467.401063 1100.331385 1151.159804 1301.440360 1547.516323 1406.386879 1549.432668 1473.417954 1494.844374 1190.688673 1517.751406 1334.179680 1431.013672 1496.882829 1202.681750 786.474195 1360.292505 1326.603796 1597.931880 1551.930589 1717.018839 1428.470136 1893.802608 1797.618444 1503.503987 1220.849311 1723.022236 1377.692143 769.614632 1577.767550 1906.689098 1643.979704 1272.056724 865.700550 1552.703413 0.000000 1587.675713 1535.845865 1629.934718 820.460788 1469.014901 1464.603633 1623.912954 1675.266663 1599.504519 1104.645850 1620.297794 1724.299088 1144.093863 1031.271275 1358.018652 1288.907327 1371.699286 1353.716114 1094.388979 1416.971676 1199.525835 1498.374265 582.697721 1125.108557
1861.958990 1873.626301 1933.318393 1363.856173 1605.561811 1869.473320 1592.955753 1806.849757 1911.151318 2055.925072 1687.395329 1792.399978 1843.228397 1741.167790 1964.462634 1260.279710 2087.516866 2154.138362 1964.206429 1629.786609 1815.150065 1710.316342 1958.432969 1718.961866 1725.138298 1478.542787 1709.075098 1632.382880 1821.779390 1581.028627 1525.891965 1767.412276 1790.446544 2009.476596 1298.644587 1780.679926 1764.875073 1709.822748 1461.683225 2000.380834 1961.822852 1706.146250 1677.034501 1470.579021 1448.343335 692.068592 0.000000 1695.743510 1881.082023 1466.529177 1689.560792 2006.323329 1829.774270 2050.504802 1683.523687 1796.714442 1780.603492 1574.770941 873.356195 1463.190090 1605.780150 1481.250811 1056.260080 1098.032407 1786.087333 1939.016842 1669.086088 2091.211261 1274.766313 1563.336195
1413.838920 1225.649946 895.126042 1293.584745 1387.952614 1436.709483 1678.746233 1467.212691 1548.948364 1353.692110 1249.679770 1606.231293 1733.123598 1662.366588 1649.745959 1417.138865 1651.772678 1631.154070 867.126020 1156.598567 1353.041327 1201.480486 833.921151 1252.063306 1335.357593 1292.374103 1378.875673 1381.775562 1447.469798 1627.366123 1305.585653 1548.089875 1072.748672 1309.909866 1387.506498 1183.088167 1515.862616 1475.474432 1538.114427 1313.587370 1800.201381 1556.405031 1735.025470 1373.469095 1494.680830 1321.526362 1283.171574 0.000000 1454.923189 1324.243479 1108.293885 1269.238967 1365.779323 854.851592 1706.460745 1275.847879 1187.646721 1578.623268 919.693690 1648.656668 1382.349434 1031.702039 1656.079601 1402.802795 1586.712309 808.863252 1086.310236 1230.849511 1113.296222 1498.621378
688.839956 1033.092579 1433.549295 933.553846 1494.930211 1326.175474 784.681124 1138.906871 1063.079866 1437.410223 1437.491950 1062.505418 1250.854811 1263.614393 1100.629831 1368.560912 992.997364 918.578099 1457.018407 1040.237208 868.673302 1296.353713 1312.714111 1431.795280 1164.855783 748.648227 1078.953987 1536.768662 1356.023353 1047.927761 1386.158240 1507.203193 1589.092624 1356.973258 1415.062093 1183.023343 1458.784999 976.812959 1415.793181 1504.026452 1728.517158 1348.483657 1439.815133 742.320122 1334.012502 1029.650498 845.078088 837.017355 0.000000 1186.943915 1275.461759 1169.013344 845.176003 1320.419118 1097.253908 1197.876630 926.112319 1467.717427 1441.080187 1270.533709 1198.182320 1540.927057 1332.685016 1027.243069 924.766714 1247.349411 980.204064 592.570768 413.075456 866.690507
1414.406806 943.379008 1568.935748 1161.258070 1445.950224 1076.313143 1002.319392 1138.809287 1170.949839 939.444651 1122.777262 1035.352604 1479.315232 793.069315 1357.501367 1172.084391 1588.876274 1639.749070 1225.267192 1314.009762 1193.674812 1467.939221 1333.884070 1333.867681 1390.646466 1540.952626 1478.473428 1126.349473 1041.534738 1314.049223 1255.718662 1298.339126 1430.678605 977.381307 858.576225 675.190427 1213.576491 1207.782246 1386.607703 1430.960683 1577.051402 1475.270207 1414.514514 644.392523 869.628087 1320.231973 1235.422506 715.385076 1179.008200 0.000000 964.800527 644.142845 1402.604926 1410.124247 1495.772225 1333.263083 1061.498772 1523.221148 1463.437954 1265.334124 1144.604926 1435.418337 1010.427606 1230.781211 844.045821 820.271102 926.525028 944.994440 1325.760611 1249.815411
1035.140895 564.113096 1113.915951 1093.752718 1154.566509 903.558615 1102.656286 728.401550 1101.322818 820.231978 1178.920966 732.589239 1157.840497 1048.866713 957.576883 544.886367 1026.467541 1046.659349 592.196583 824.493270 737.816080 1017.595151 842.193557 1003.568523 992.359655 576.152099 1188.660393 1088.910553 1049.296032 893.788797 784.646290 1073.715324 1288.964156 1034.980429 1112.577061 888.301060 970.154050 986.873288 839.112517 743.886857 1407.057764 885.701964 717.448050 1152.111565 945.811361 1015.692637 811.657073 1085.916481 1683.505969 974.021810 0.000000 927.383673 538.448681 710.160552 872.764554 1030.750745 812.292558 1066.296578 948.975921 1163.373248 675.590654 972.776448 547.785716 1105.632395 1172.273078 1176.720344 1090.601373 1218.351607 1048.470449 527.087678
1129.620825 743.554194 924.792903 1137.728177 1229.342064 825.365207 1272.741975 1049.059232 909.892508 928.653831 917.259916 917.611426 1207.228101 1016.718316 1278.234564 527.941545 944.733429 995.606225 581.124347 930.736622 549.531967 1024.281032 689.741224 986.623701 992.800133 896.809781 1218.854574 1040.855822 1361.237931 1026.828804 842.460937 654.196281 786.535760 1023.908192 1101.504825 777.503695 1139.643664 684.650612 984.467812 903.721414 1436.354810 888.183844 770.371669 1341.403662 754.009684 676.089128 591.279661 733.626404 1372.937343 1294.679491 320.657682 0.000000 858.064869 1030.818234 1117.556314 689.120238 417.355927 1002.857158 1245.655032 1047.613995 996.248335 1221.785722 868.443398 819.352520 986.864478 1085.781593 985.207447 1116.549087 1258.786849 847.745359
685.717886 896.618761 799.895795 660.588980 649.754209 765.862051 1134.833213 1117.464324 1096.608813 886.945476 1202.561708 727.875234 1142.530833 764.856807 850.021355 791.366051 1188.541271 1100.961802 970.059338 1319.671613 938.466959 955.004467 800.287823 733.044901 595.863887 414.018043 1106.622807 885.146167 510.847350 1034.659713 569.837171 662.027190 1175.470752 1053.800289 957.765529 797.128475 1170.279636 784.844343 757.855714 911.846023 1046.364015 1004.512265 759.026841 1210.948626 1142.944675 755.707388 455.237872 1122.561396 1380.768253 882.504517 668.872291 388.934991 0.000000 1085.610581 579.100728 525.584069 806.290919 934.281508 995.483280 1166.293006 1051.978554 1454.265814 1107.591555 981.249177 856.031708 885.593964 1052.838759 1166.984589 701.324223 524.020502
996.037405 814.896230 1000.660122 518.228808 533.101022 872.094087 823.894640 958.036372 720.150893 1112.662387 1051.188128 907.706405 1225.464887 808.448432 1165.483628 809.327337 1133.438612 1147.068434 685.648481 1216.741686 573.193964 923.468397 965.579795 728.057455 1010.056770 593.849215 976.724992 632.360397 909.838434 1034.490648 450.734061 1064.267229 1005.623960 775.247489 1206.028958 594.624822 943.045410 979.964711 683.262835 1019.674638 1079.847620 822.855962 1111.829453 957.557689 861.269323 909.862358 748.069182 1111.552485 1629.117965 1497.485615 735.045056 414.387375 614.981098 0.000000 851.609153 1055.764548 784.000238 993.482280 926.334059 1010.222018 932.875444 879.601600 929.117601 947.886510 1109.584025 948.119607 1025.383544 855.636971 1082.201557 937.881901
1086.665708 881.650833 1105.936332 882.813711 924.964444 1205.912736 566.253756 840.649549 1091.035938 1109.797261 753.670487 1033.580835 1235.849201 725.541929 1118.621205 1115.705822 730.373657 1115.741110 958.017944 1016.176384 764.811459 646.306891 779.214504 996.050696 665.222289 855.957882 1115.022582 585.497974 619.190153 1056.527446 784.552709 1017.404807 1167.787214 1212.295739 1196.634725 994.870383 869.166515 1201.840571 982.852982 1180.872333 1154.706818 1001.486945 889.054890 758.547360 759.096980 1104.254803 897.177712 939.242606 1522.781527 1324.444357 839.384295 587.764277 441.939840 506.509853 0.000000 870.263667 598.499357 803.817780 628.812229 818.693098 800.458126 916.642121 1180.106680 1000.495949 998.920723 986.264132 1134.046116 879.916394 1057.429040 536.046268
1089.760944 857.928671 1001.980321 1001.690875 1103.721835 689.327905 1061.112425 983.095483 588.841415 922.303844 809.846635 793.359995 1092.652307 658.328300 1174.550473 895.726878 662.957202 1335.486266 950.835193 1173.371189 983.951851 629.617207 717.912451 702.984583 599.149224 841.665287 891.156715 971.062103 1111.745839 760.988284 723.819954 1091.925558 1130.948777 1031.086858 1158.981246 796.892310 644.695567 1013.469354 732.563014 893.433679 1194.914326 539.333854 592.477831 1188.826599 768.233426 1078.009410 506.497830 1172.557227 1043.425978 1209.892573 364.369051 562.806840 902.817733 570.620813 494.858669 0.000000 980.162768 926.950546 1008.670338 1164.003721 855.607857 982.378877 912.154768 984.534514 410.970684 1086.011703 591.545324 757.385126 1058.145786 786.969158
1063.770293 592.742495 507.436975 824.515953 992.207772 961.092215 1022.240137 908.422603 492.536581 511.297904 511.379631 930.858677 789.872173 599.362388 1157.258908 747.941127 527.377502 578.250297 1017.538763 1103.707822 454.606288 606.925105 707.122592 864.374239 870.913535 830.134721 801.498646 902.931745 951.556292 658.256137 689.520786 1102.736132 967.983013 680.443356 1062.676412 617.981763 825.931744 944.963416 914.417118 963.433584 1192.096086 470.827916 547.378749 924.047735 816.886017 670.391932 778.262141 1036.977527 1315.190288 1323.213459 425.342180 829.643933 440.708942 652.245853 700.200387 271.764311 0.000000 585.501230 911.620907 630.258068 691.662233 866.307123 973.127896 401.996592 569.508551 705.626518 863.309634 1029.149436 1009.596791 488.214019
887.762105 711.466605 540.034288 1188.903937 772.291154 1226.081275 1061.658820 1141.719157 1013.562214 962.287046 1385.149522 1029.980392 1206.419640 1184.224330 1214.845882 843.922011 1206.688189 1303.333727 997.583440 1140.027094 1403.141723 1072.050277 1150.120694 896.971552 1119.802116 1234.940875 1319.803573 1053.639724 1092.378045 937.161206 1015.077944 564.528683 1220.312746 1083.219381 571.782025 845.622805 1033.367098 1126.228220 846.217254 1099.943165 1627.894710 907.013758 1139.932157 373.548173 765.804903 902.487649 1120.680182 1327.019122 879.953255 1141.917135 696.097938 1237.133046 1131.760576 999.761624 1068.995702 737.228558 1053.740930 0.000000 719.146185 994.489774 1138.232339 976.507832 1071.261636 1096.966990 1148.199242 952.831106 1085.047142 1183.072947 901.151037 1055.117689
1402.255887 1338.537458 1316.031798 782.667880 760.799997 996.117126 1411.695966 933.493562 1263.166943 1372.264754 1285.111688 1181.627812 1151.842810 1159.979497 1292.149916 1011.129047 1387.802973 1401.998865 1290.865153 756.430414 941.793871 1025.824994 1085.076775 1349.510735 1074.290067 867.770621 835.718904 759.026685 1289.319468 707.672433 652.535770 894.056081 1299.275061 1164.846077 1347.779535 1287.759840 1329.590662 1181.766421 1362.447697 1260.791369 1088.466658 832.790056 1260.183255 723.585318 574.987140 1179.261720 1209.073749 1313.354194 1007.725828 1491.954281 1223.986569 1345.353067 956.418076 1471.435935 1346.410851 1275.060409 1179.518191 775.997510 0.000000 1136.888307 1134.677153 1175.184484 1190.290154 1106.722677 1334.604892 1290.091444 1289.822616 1387.215700 1261.667518 1315.587799
1269.089716 1195.125103 1258.643450 1036.381474 916.957929 1228.661716 748.677765 1047.057319 515.674668 1076.156855 436.129788 782.777364 924.740573 1116.437455 993.962393 872.863083 849.080662 769.154397 1290.454464 965.540196 1177.301603 923.715858 1163.290409 1094.553107 1081.808088 1279.540865 1163.881654 1333.340533 1317.027698 1135.619491 1242.241537 1252.182956 900.739276 1321.004009 1085.814499 1272.279350 1484.704082 1028.167542 953.098517 755.141385 1504.923592 783.655423 1061.870020 949.796581 521.432138 1005.672526 993.880325 1319.781382 1192.924215 1020.525966 1106.696670 1193.781933 866.991883 856.445340 747.842559 1074.786951 1335.676123 749.646149 737.854829 0.000000 905.687677 799.264493 1072.966042 790.979529 982.693881 882.166852 965.820879 1304.153111 1111.748912 691.944934
1450.914298 1123.230203 1126.545345 1139.498139 1004.635927 1380.585203 931.913271 655.598541 996.239442 1008.453929 523.807786 946.552290 697.061634 891.280446 600.523778 1199.178938 1365.919792 1248.900891 1269.035285 1318.549780 1363.972311 1106.798559 825.854056 1235.221186 895.617669 632.695099 1294.085684 1118.066952 1408.214284 925.023724 1163.993527 713.444265 675.199555 1232.134963 788.069766 1067.070215 1042.638225 1275.143803 1200.406811 1054.459713 1212.848826 1055.929340 847.094232 545.746028 692.698425 1093.350524 758.257931 1342.881503 1309.980195 1314.114990 1209.441904 1257.228851 910.239747 842.841476 1215.419604 1193.409098 1270.028671 586.511057 694.077515 706.311180 0.000000 812.868410 1140.016942 691.974948 760.087800 1125.028961 678.984863 1338.763086 972.977133 954.394341
1179.889611 1044.142769 1422.163731 1202.553727 889.469831 1068.153788 1210.306854 718.654129 680.603298 921.095247 408.641690 956.905583 897.252476 1088.949357 1301.297991 643.924563 885.981604 1127.110574 587.037711 959.546209 1072.953018 1226.188957 947.201045 628.171270 679.095345 702.996887 1051.003291 768.174760 981.968783 1287.354313 700.398588 1017.112245 767.225187 1029.821557 1036.054114 1137.372003 819.547661 1195.386123 1148.457107 939.293618 969.845816 1252.241455 1248.524124 922.308483 641.401839 978.184429 1158.808955 1361.217012 999.985917 1061.445426 1094.275809 815.095929 1279.863245 1003.017553 995.215891 930.853483 1232.451856 882.129442 700.234218 785.451091 885.104959 0.000000 1238.152971 677.934924 987.291870 748.544719 454.304304 788.100210 1085.976725 878.820425
1105.861348 1213.558985 877.058313 1235.678228 606.780793 1129.496399 1145.080026 899.564395 912.424829 1339.406222 631.135249 1030.865364 1119.746035 1279.122723 1150.043849 600.212394 1310.972335 1384.741928 907.946349 1066.409455 1179.797709 654.056262 1065.094854 1053.162001 1065.070982 764.156558 1057.859255 1072.518098 1048.608224 1160.682781 1105.546118 1083.039544 1192.215919 1010.826873 1005.071849 724.419846 708.614993 755.939573 847.930427 1006.345378 1394.836547 1145.064926 1113.011685 851.733256 576.502993 1025.242516 1307.778001 688.642910 1273.587281 1486.436157 1214.608799 1240.086660 1055.396087 1359.844470 1192.391646 1096.348722 1025.498987 518.510861 453.010348 615.587531 549.520070 424.990731 0.000000 660.426750 1021.851284 1005.320636 879.295035 1213.090941 1259.039716 931.013626
1960.143949 1840.218485 2186.332754 2149.322618 1933.521788 1901.951741 1979.841777 2004.506938 1943.201726 1795.846281 1452.693647 2008.694627 1776.964320 1774.463744 2092.193531 1358.464669 1641.767197 2155.186583 1868.301971 1593.749264 1857.207819 1712.232184 1892.194223 1817.146825 1718.998397 1852.257488 1989.810787 1902.488855 2015.426978 1844.585549 2034.928073 1835.345811 1867.879007 2107.661555 2169.260459 1720.080882 1756.352182 1354.090374 976.663357 1584.818473 1601.223044 879.954875 1307.348074 1291.731129 1886.108727 1550.590692 1975.193153 1828.811170 1844.524543 2060.100092 1276.105388 1986.468469 1814.554070 1969.801501 1466.471178 1593.445921 2064.970535 1724.274199 1965.743907 1912.672731 1565.067376 1712.370287 1823.891105 0.000000 688.054926 1144.760301 571.053681 1221.103352 1089.425242 1057.977490
1845.309573 1786.484313 2191.177993 1803.714922 2079.237372 1814.431823 1849.600477 1999.739363 1899.775491 1756.940851 2035.631258 1531.041912 1850.366937 1732.150886 1652.066570 1837.097405 1887.834258 1904.128480 1925.554900 2169.035028 1948.461932 1764.890206 1859.204664 1850.964988 1500.624758 1217.184721 1971.230697 1872.537637 2013.221373 1519.923409 1597.840148 1147.290886 1490.088808 1665.981584 1646.970961 1651.559837 1801.971266 1634.878824 1283.599695 1740.596448 1372.485147 1489.775961 1722.694360 1161.489830 1733.894245 1979.484944 1920.651409 1993.486972 1156.469618 1929.858793 1655.531388 2042.110436 1919.702233 1848.855896 2064.106993 1777.898719 1782.343772 2156.469636 1881.652432 1777.970963 1872.003714 2064.854067 1654.023839 1011.454273 0.000000 1305.676740 1286.304210 1727.662999 1235.166693 1098.576515
1578.211204 1895.937033 1786.368268 1854.822069 1719.909101 1988.917414 1968.451915 1850.008491 1828.650290 1502.239583 1239.080960 1869.696104 1727.691746 1919.388627 2169.689198 1914.452112 2217.869532 1959.398440 1848.264728 1313.829989 2287.116124 2103.544398 1703.121206 1548.934896 1972.046468 1555.838913 1724.774809 1706.150008 1846.719042 2192.338812 2105.884142 1819.706289 2300.523358 1967.473865 2002.449527 1902.586358 1762.181907 1151.648681 1353.273800 1769.732887 1903.352879 1473.894418 1695.396684 1752.747753 1841.988225 1808.623698 1583.156487 2083.032544 1574.069245 1674.126284 1857.826076 1924.457767 1969.370066 2137.662949 1799.622116 1832.459984 1865.693660 1430.667502 1672.137209 2084.011630 1661.051284 2245.213295 1820.222564 593.939543 810.434550 0.000000 277.446983 421.986259 507.356240 1014.249468
1487.705203 1687.459411 1693.254807 2023.311516 1925.511672 1711.470431 2069.737866 1706.376729 1832.383248 1224.792600 1941.757541 1671.844964 1849.116778 1967.787918 1961.826256 1847.528563 1986.132937 2166.496974 2150.803959 1911.386641 2020.476093 1886.717221 1916.888240 1271.487912 2033.612325 1750.172287 1694.319933 1428.703025 1687.040457 1914.891829 1946.205557 1542.259306 2023.076375 1690.026881 1725.002544 1899.168735 1484.734923 1284.686932 1465.727251 2015.634260 1843.588108 1369.018769 1417.949701 1526.768691 1919.025422 2039.654586 1555.741544 2133.639616 1296.622261 1972.229114 1765.169282 1858.595907 1964.114972 2028.684986 1522.175132 1860.010987 1588.246677 1153.220518 1394.690226 1806.564646 1951.634830 2129.728350 1936.642914 489.063894 532.987567 1190.041960 0.000000 831.723644 805.459070 1420.442245
2066.877607 2126.008184 2159.321496 1863.025611 1400.523643 1793.672673 1546.465656 1900.691402 2051.173368 2197.610383 1632.848037 1929.303363 2030.870660 1675.274087 2239.706140 1887.829305 2171.131833 2178.408894 2068.735261 1996.388283 2178.472545 1744.095465 1954.598496 2182.295358 2011.307467 1886.771934 1302.788550 1861.229855 1486.931038 2086.550533 1746.096138 1883.822098 2008.141632 1804.569724 2176.846624 1480.600099 1688.540006 1455.967502 1506.027992 1618.067349 1908.128616 1409.319511 1836.712710 1821.095765 1420.001966 1532.592371 1857.061011 2128.696554 1893.000830 1898.841441 1805.470024 1949.051059 1607.583329 2131.031201 1986.134497 2064.560809 1819.241838 1806.085373 1378.878101 2142.376694 1801.124637 2241.734923 2174.572490 529.364636 736.531212 1077.868756 1045.726219 0.000000 861.706166 592.263209
2039.164052 2002.012883 2189.924637 1847.901616 1415.307295 1986.170770 2157.109716 2114.308455 2070.217041 1938.495522 1944.001573 1754.941948 1850.634136 1959.839359 2163.757828 1913.078718 2242.806688 2065.474289 1514.221785 1419.905839 2000.137092 1966.922586 1969.382148 1985.190834 1698.950031 1728.875979 1617.242446 1818.451849 1444.153032 2031.614667 1703.318132 1658.982144 2001.780066 1819.353375 2025.346269 1841.960471 2021.481317 1985.922636 1795.290953 2042.314911 1884.176405 1789.594571 1446.230018 1673.181088 1889.369317 1833.769018 2090.502576 1882.155120 1668.160875 1166.770044 1452.545307 1810.912889 1990.993989 2108.780297 2000.918149 1930.396332 1834.025489 1831.377185 1340.497149 1928.453855 1862.386394 1737.857055 1312.866324 909.639696 511.691258 834.273955 713.702922 1062.406809 0.000000 1198.431970
1552.148249 1961.906951 2291.254655 1944.612260 1936.690066 1997.610944 2442.552329 2304.376577 2291.794766 1822.792447 1962.451715 2269.844812 2262.103902 2098.740584 2482.833512 1909.843803 1716.689900 2377.508482 1963.026605 1941.288610 1931.434225 2389.237022 2071.643482 1869.487760 2220.332803 2053.432216 2138.625218 2026.702872 1965.535803 2214.108730 1576.250917 1983.538381 2168.438018 2171.527918 2323.002391 2148.541363 1745.351526 1875.019436 2043.266275 2064.109123 1315.865406 1414.580137 1841.973336 1997.737325 2135.911942 2057.991385 1973.181918 2115.528662 1894.622109 1688.152815 1702.559939 1381.902258 2110.571541 2403.238738 2120.174980 1832.617925 1799.258185 1751.220366 1861.879920 2370.170521 2058.392300 2246.995549 1834.249095 1066.602919 836.247495 723.370755 597.999848 896.086673 521.382771 0.000000
DEMAND_SECTION
1  0
2  1
3  10
4  5
5  1
6  9
7  7
8  6
9  4
10  4
11  10
12  5
13  1
14  8
15  4
16  6
17  7
18  4
19  8
20  2
21  3
22  10
23  8
24  3
25  6
26  6
27  4
28  7
29  5
30  1
31  7
32  2
33  9
34  4
35  8
36  9
37  5
38  9
39  10
40  4
41  3
42  3
43  7
44  6
45  7
46  7
47  2
48  1
49  1
50  7
51  3
52  10
53  4
54  9
55  3
56  3
57  5
58  5
59  9
60  10
61  5
62  7
63  10
64  3
65  2
66  1
67  10
68  1
69  1
70  4
DEPOT_SECTION
1
-1
EOF
