NAME: ftv35
TYPE : ACVRP
COMMENT : COMMENT: Asymmetric TSP (Fischetti) with demands added, capacity=40, HP (asym_scale=1.0)
DIMENSION: 36
EDGE_WEIGHT_TYPE : EXPLICIT
EDGE_WEIGHT_FORMAT : FULL_MATRIX
CAPACITY : 40
EDGE_WEIGHT_SECTION
0.000000 44.514020 67.554312 76.079873 86.558117 109.887909 110.166745 112.625247 97.327280 67.065674 107.212698 40.985248 41.218850 21.232468 33.344018 25.820837 18.891159 98.954991 133.122932 92.125667 117.069786 122.806615 118.549101 75.635581 63.076051 44.312680 36.543753 86.060785 115.192507 150.348305 97.664493 150.086372 98.618524 111.609619 87.114543 69.949903
43.979518 0.000000 78.201888 60.137032 97.205693 69.709189 128.153362 102.000454 124.963891 111.045192 151.192216 84.964765 85.198368 65.211986 77.323536 69.800355 62.870676 135.710117 170.295083 129.435528 158.351628 160.962823 154.219525 116.917424 107.055568 81.067807 80.523271 93.431032 154.306519 148.450248 68.798217 121.220096 74.823771 155.589136 114.751154 46.155150
30.606069 44.287094 0.000000 8.525561 19.003805 42.333597 94.507368 74.624863 127.334536 97.671743 123.280970 66.853418 62.757238 51.838537 58.676196 51.153015 44.223337 100.316691 134.901657 105.678453 132.522708 148.138794 119.910801 106.241650 75.048639 45.674380 67.149822 95.148099 145.798576 116.523351 106.081290 158.503170 51.071909 142.215687 117.720612 63.127366
22.080507 35.761532 86.648543 0.000000 93.686459 55.288170 113.732344 87.579436 118.808975 89.146182 124.555308 58.327857 54.231676 43.312976 50.150635 42.627454 35.697776 91.791129 126.376095 97.152891 128.229222 139.613232 111.385240 97.716089 66.523078 37.148819 58.624261 107.465188 137.273015 142.853952 97.555729 149.977609 83.270426 133.690126 109.195051 54.601805
113.561787 127.242812 87.600547 91.481279 0.000000 41.303775 75.503563 73.595041 132.853242 109.624840 180.449215 149.809136 127.054985 116.748478 141.631915 134.108734 127.179055 178.222288 177.141872 171.521724 113.518903 132.922780 164.886812 119.033972 143.044083 123.579978 116.511785 76.144293 144.788907 152.148215 123.886941 153.243482 78.521739 198.615689 142.926580 100.941056
114.737180 136.457473 135.657649 144.183210 154.661454 0.000000 58.444174 32.291266 91.549467 141.247462 194.250123 128.022672 85.751210 98.830218 124.192377 116.669196 109.739518 165.242465 135.838097 158.994508 131.697094 151.100971 189.505614 170.926280 143.268665 143.118539 135.349612 177.179604 212.845930 186.250320 188.512852 156.882091 112.623843 185.136736 108.386089 103.610911
137.506274 151.187299 106.900206 115.425767 125.904011 67.673113 0.000000 57.626147 141.211152 166.786339 213.387484 157.140749 153.424323 158.738743 134.551986 141.440346 151.123543 207.216896 195.566462 212.578658 199.370207 209.493304 202.100323 158.867612 181.948845 152.574586 174.050028 182.599432 182.619646 133.230283 166.031957 218.453837 127.061642 249.115893 162.975296 166.509325
147.885579 139.970010 133.053114 141.578675 124.141236 39.810557 26.152908 0.000000 83.585005 109.160192 179.984567 132.511287 109.211296 138.640775 109.922524 116.810884 132.505577 187.545883 175.648654 176.813463 148.743531 168.147408 207.139993 163.800570 151.666943 132.903572 125.134645 150.649497 203.348417 153.959054 175.061735 190.840591 80.332577 224.947293 105.349149 119.780260
95.120807 102.034432 162.675118 162.171464 165.632450 35.421687 93.865861 67.712953 0.000000 76.004616 146.828991 112.657894 108.341779 88.355398 116.581951 118.118378 114.011965 184.333416 165.871407 167.953854 167.118781 186.522658 203.927527 161.014007 132.793844 129.691106 121.922179 171.439211 200.570933 221.672007 170.832649 192.303779 148.045530 178.732548 39.772023 139.032598
67.951870 92.198218 133.063968 141.006761 152.067773 76.133931 134.578105 108.425197 40.712244 0.000000 70.824375 97.508291 72.031289 52.044908 80.271461 81.807888 86.843029 147.936480 160.180599 124.541455 159.544507 174.717729 167.530591 124.617071 89.381445 93.294170 85.525243 135.042275 135.518262 199.329795 160.996435 200.779879 158.182602 142.422058 53.882102 129.513981
193.596971 236.794570 252.313373 240.196693 271.317178 192.016054 250.460228 224.307320 156.594367 221.542723 0.000000 233.165876 196.601809 196.641260 221.913090 217.465473 212.488130 116.400304 127.337122 146.957856 159.185828 108.358911 184.439408 198.415015 229.455810 213.825743 230.140724 204.668339 238.022131 256.054944 253.038697 206.613724 276.485967 84.851331 194.339546 247.817346
29.862424 54.108771 94.302461 102.684451 113.306266 97.184886 103.190134 129.476152 61.763199 62.899239 66.227451 0.000000 18.440967 13.955461 41.949150 43.718441 48.753582 104.814836 110.615715 93.553918 121.455061 140.192375 132.480203 89.566683 58.393908 58.243783 50.474855 99.991887 127.971173 164.279407 122.906988 162.690432 90.924344 100.595758 51.550462 62.255723
159.727545 163.760584 182.833409 191.358971 185.027833 100.028426 84.749167 132.319691 64.606738 140.611355 211.435729 160.433733 0.000000 152.962136 152.256512 144.733331 137.803652 195.838945 166.434577 178.302102 231.725519 241.719109 250.947036 208.033516 195.473985 176.710615 168.941688 214.197693 217.936203 217.507249 216.576986 254.388787 143.880773 213.588913 104.378762 183.328455
15.906962 40.153310 83.461274 88.961854 102.465079 109.862499 104.735548 128.532209 84.593120 82.972637 111.690834 45.463383 19.986382 0.000000 28.226553 29.762980 34.798121 98.930631 128.005467 79.598457 107.499599 126.236913 118.524742 75.611222 44.438447 44.288321 36.519394 86.036426 114.015712 150.323946 108.951527 148.734971 106.137694 90.377150 82.669768 77.469073
37.963055 39.654514 81.289259 60.735301 100.023748 109.363702 125.778897 141.654968 83.069880 85.488002 88.816213 22.588763 41.029730 36.544224 0.000000 6.888360 22.583053 104.835753 99.778914 94.023439 122.950548 126.498509 124.429863 81.516344 68.675360 50.193443 42.424515 91.941548 121.073270 151.537618 101.356387 153.778266 77.911141 123.184521 74.139225 49.242520
31.074695 32.766154 83.074881 68.258482 93.135388 102.475343 118.890537 134.766608 76.181520 78.599642 81.927853 15.700403 34.141370 29.655864 7.523181 0.000000 16.712601 97.947393 107.302095 96.947010 116.062188 120.628057 117.541504 74.627984 61.787000 43.305083 35.536156 85.053188 114.184910 149.340708 95.485935 147.907814 85.434322 116.296161 67.250865 56.765701
32.942405 26.717955 78.676761 75.188160 80.651029 96.427144 125.820215 128.718410 83.111199 85.529320 88.857532 22.630081 41.071048 36.585542 14.452859 6.929678 0.000000 93.549273 114.231773 92.830343 111.664068 103.915456 113.143383 70.229864 57.670333 38.906963 31.138035 80.655068 109.786790 144.942588 78.773334 131.195213 87.680877 123.225839 74.180543 59.012256
96.147918 120.394266 141.673011 150.198572 160.676816 121.911582 164.950672 154.202848 86.489895 133.087330 69.915155 118.939399 80.201505 80.240956 108.467509 103.238996 96.309318 0.000000 34.584966 36.941788 99.723303 119.127180 121.475297 130.648180 124.679402 124.529277 116.760350 145.205813 170.102427 163.302788 170.882742 161.185352 176.483644 106.154600 109.481789 147.815022
125.552286 138.776759 171.077379 179.602940 182.898420 151.315950 194.355040 178.924758 115.894263 154.683702 74.164387 129.429717 109.605873 109.645324 126.511663 118.988482 112.058804 29.404368 0.000000 23.156411 85.937925 105.341803 86.890331 116.862803 154.083771 130.869199 143.196839 131.420435 135.517461 128.717822 140.949569 147.399974 177.405484 71.569633 123.308320 171.071060
143.727020 145.418479 195.727206 180.910807 159.742009 146.887959 205.332133 179.179225 111.466272 185.778536 142.738815 128.352728 146.793695 142.308189 120.175506 112.652325 129.364926 84.478853 87.657596 0.000000 62.781515 82.185392 139.409854 93.706392 132.012476 128.141833 148.188481 108.264025 176.908639 189.091740 156.634383 124.243564 159.658201 95.371773 101.253535 165.447186
145.223403 129.744994 185.496140 189.882026 204.499945 198.800340 216.912109 213.376240 169.469094 212.289077 169.705454 170.315558 132.162942 153.990323 162.138336 154.615155 164.114562 99.790299 127.582578 58.002822 0.000000 19.403877 80.367076 39.229186 70.269982 69.603419 137.957414 45.482510 114.127124 126.310225 93.852869 117.658690 160.820157 85.096787 159.256357 158.862312
182.325964 180.571911 171.505173 180.030734 190.508978 185.486903 233.704621 217.778169 150.065216 224.377480 167.157037 166.951672 177.443387 177.482838 158.774451 151.251270 167.963871 97.241882 108.178700 38.598944 50.826917 0.000000 76.080497 90.056103 121.096899 107.332535 186.787425 96.309427 129.663220 154.554000 144.679786 98.254812 168.127056 65.692909 139.852479 139.458435
154.007186 132.675957 194.279922 174.520650 213.283727 202.385145 225.695891 223.572492 200.631858 221.072860 178.481483 179.099340 140.946724 162.774105 170.922119 163.398938 169.479456 118.886523 142.096622 103.540008 45.537187 64.941064 0.000000 42.160149 80.466233 76.595590 146.741197 54.266293 59.711514 135.094007 102.636651 131.365481 169.603939 130.633973 190.419121 172.569104
131.943827 90.515808 167.968446 150.652840 186.972252 160.224997 203.632533 181.412343 175.567646 199.009501 158.992906 145.238637 118.883366 140.710747 140.345074 141.335579 146.165139 89.077751 99.936473 73.466094 41.434204 50.625691 108.671862 0.000000 38.306084 34.435441 124.677838 32.202934 100.847548 113.030649 80.573292 94.718085 147.540581 98.163369 174.719629 135.921708
156.136093 118.378844 145.490057 143.119341 164.493862 182.047969 169.259167 143.106259 146.626282 205.015773 141.843599 163.512738 145.240815 152.169399 145.765240 147.812335 164.524936 71.928444 106.513410 35.160010 72.793199 85.336284 98.838492 96.212253 0.000000 63.570101 151.035288 58.560383 110.127310 139.388098 106.930742 135.659572 173.898030 130.531783 136.413545 164.533994
144.672104 138.447654 174.864315 172.493600 192.380727 176.553892 198.633425 172.480517 141.132205 187.729640 124.557465 134.359779 134.843815 134.883266 126.182558 118.659377 111.729698 54.642310 89.227276 60.004072 91.080402 110.484280 74.236421 116.396569 29.374258 0.000000 142.867734 87.934642 108.338739 162.754951 136.305000 148.009697 176.078387 155.375845 161.257607 170.741954
46.352794 14.835365 47.538725 56.064286 66.542530 84.544554 142.046093 116.835819 109.278978 113.418468 132.326393 67.129291 70.678782 60.159145 55.334450 61.881653 54.951975 62.411238 96.996204 61.692308 80.526032 89.717520 82.005348 39.091828 26.532298 7.768927 0.000000 49.517032 78.648754 113.804552 83.633582 126.616221 78.888643 124.155956 99.066241 50.220022
99.740893 107.310269 140.013629 148.539191 159.017435 153.317830 171.429599 185.609096 151.287170 166.806567 146.427084 124.833048 86.680432 108.507813 116.655826 109.132645 118.632052 112.105405 142.826152 116.355773 84.323883 93.515370 111.286883 42.889679 81.195763 77.325120 92.474904 0.000000 68.644614 80.827715 48.370358 77.099189 115.337647 141.053048 176.383510 118.302811
133.063480 128.587046 161.290406 166.491987 157.802451 149.677772 208.121946 181.969038 140.920344 195.297262 198.625474 132.398023 149.770971 129.784589 124.220802 116.697621 109.767942 176.162919 210.747885 161.443415 141.587370 140.159717 96.050183 117.766342 126.283405 121.520608 113.751681 94.279950 0.000000 86.746153 69.647135 122.069014 136.614424 205.852626 130.707607 144.575090
96.218019 88.318540 124.444945 132.970506 125.604552 155.273792 192.722402 187.565058 119.852105 152.431507 155.759719 89.532268 107.973235 92.939128 81.355046 73.831865 66.902187 139.317458 173.902424 108.198702 114.407226 124.966280 68.870039 80.920881 92.340999 84.675147 76.906220 57.434489 49.389363 0.000000 32.801674 85.223553 99.768963 179.084250 141.082730 105.109788
63.416345 58.939911 91.643271 100.168832 110.647076 128.649099 164.873003 160.940365 135.932501 130.482019 142.690140 76.462689 80.123836 60.137454 68.285468 60.762287 77.474888 106.515783 141.100749 94.699334 89.553411 92.164606 98.510769 48.119206 59.539324 51.873473 44.104546 24.632815 93.277429 105.460530 0.000000 52.421879 66.967288 146.282575 128.013151 74.927955
103.856429 117.537454 73.250361 81.775922 92.254166 115.583958 135.449809 147.875224 140.581413 170.922104 176.745597 140.103779 122.921065 102.934683 131.161236 124.403376 117.473698 106.830441 141.415407 143.772230 180.670866 200.074744 164.513705 149.791529 139.915040 118.924741 127.843898 106.901850 97.209331 112.163027 139.388592 0.000000 69.872244 183.940592 180.353437 41.203623
91.983184 104.870639 71.494421 69.902676 43.808659 85.112434 119.312222 117.403700 171.497011 153.433499 177.243344 111.015893 121.165125 101.178743 102.838671 95.315491 88.385812 161.693806 183.404466 156.934087 110.798623 130.202500 142.496516 83.467993 121.774077 107.051496 118.657611 70.316920 123.015840 73.626477 94.729158 110.508014 0.000000 181.631362 162.566355 39.447683
127.696891 151.943239 167.462042 175.987603 186.465847 135.356815 193.800989 167.648081 99.935128 164.636302 101.464128 150.488371 111.750478 111.789929 137.061759 134.787969 127.858290 31.548973 42.485791 64.197054 112.053781 115.247354 124.124598 151.282967 156.228375 128.974411 148.309323 157.536291 178.003252 171.203612 183.435360 188.440618 208.032616 0.000000 109.488214 179.363995
75.657329 99.903677 143.211641 148.712220 162.215446 45.634424 104.078598 77.925690 10.212737 84.525001 155.349376 103.183775 79.736748 59.750367 87.976920 89.513347 94.548488 158.680998 176.084144 139.348823 167.249966 185.987280 178.275109 135.361589 104.188813 104.038688 96.269761 132.807544 173.766078 210.074313 168.701894 202.516516 158.258267 150.127517 0.000000 137.219440
62.652807 76.333832 32.046738 40.572299 51.050544 74.380336 94.246187 106.671602 142.429761 129.718481 155.327708 98.900156 81.717442 61.731061 89.957613 83.199754 76.270075 132.363429 166.948395 134.350903 139.467244 158.871121 151.957539 112.136614 106.169507 77.721119 98.250455 75.729187 119.622667 102.295098 123.397779 139.176635 28.668621 152.108211 144.400828 0.000000
DEMAND_SECTION
1  0
2  10
3  10
4  9
5  6
6  2
7  10
8  10
9  9
10  5
11  4
12  8
13  2
14  1
15  9
16  10
17  8
18  3
19  8
20  4
21  6
22  9
23  8
24  7
25  1
26  3
27  10
28  6
29  1
30  5
31  8
32  7
33  3
34  10
35  1
36  9
DEPOT_SECTION
1
-1
EOF
