NAME: ftv38
TYPE : ACVRP
COMMENT : COMMENT: Asymmetric TSP (Fischetti) with demands added, capacity=40, HP (asym_scale=1.0)
DIMENSION: 39
EDGE_WEIGHT_TYPE : EXPLICIT
EDGE_WEIGHT_FORMAT : FULL_MATRIX
CAPACITY : 40
EDGE_WEIGHT_SECTION
0.000000 25.844505 68.088307 70.586494 102.400543 121.758059 115.758998 118.788443 62.955667 60.190010 102.846972 53.705529 92.069246 113.372777 43.304063 40.760022 23.543922 31.729517 28.938696 33.234821 102.152616 104.065761 94.470610 91.682283 116.417172 122.893917 78.035109 56.246517 35.265823 43.220132 88.049971 137.791502 118.606136 126.636157 111.405537 105.916832 144.518303 72.334526 81.303755
66.849087 0.000000 80.613584 44.741989 79.876479 131.244246 167.717449 165.896424 115.564081 107.297991 149.954952 107.404994 102.094217 151.350604 96.012289 72.600016 76.152336 93.047628 95.787783 100.083908 130.144157 136.024213 122.568421 107.902289 132.637178 150.885458 94.255115 84.238058 67.224275 59.440138 122.197825 176.304595 175.417732 129.206394 152.922001 84.920515 172.616113 98.302485 60.307438
50.903322 50.137227 0.000000 28.796224 34.312236 85.680003 115.486315 124.879369 92.731084 89.965428 132.622389 84.571997 113.361123 143.248005 73.179291 56.654251 53.319339 70.214631 79.842018 84.138144 119.837862 154.969084 126.840731 132.208919 143.613261 155.157768 101.350689 88.510369 86.169146 90.155015 103.343879 147.255914 147.715376 119.688273 133.972924 75.599312 176.888424 82.356720 97.290445
22.107098 39.387189 45.261974 0.000000 79.574210 108.856064 123.625424 121.154435 70.822092 62.556002 105.212964 62.663005 84.564899 121.339013 51.270300 27.858027 31.410348 48.305639 51.045794 55.341919 91.041638 126.172859 115.906881 109.820941 114.817036 144.893787 96.173767 78.246387 57.372921 61.358791 110.157069 159.898600 130.675743 148.743255 131.996389 93.107298 164.166745 53.560496 68.494221
106.752325 107.078446 56.941219 85.737444 0.000000 51.367767 87.840970 90.567133 74.038712 100.983329 143.640291 108.780701 146.842784 179.774620 109.705907 113.595471 110.260559 127.155850 131.017627 116.395382 165.133397 209.961536 170.763034 121.403575 146.138465 159.531702 140.806091 145.451588 141.161598 133.377461 102.803488 133.408191 113.403140 85.376037 163.656474 82.405837 220.810727 99.505713 128.325690
92.489212 101.248066 106.233564 135.029789 113.539327 0.000000 67.697021 39.199365 22.670945 49.615561 92.272523 57.412933 124.553545 128.406853 58.338139 95.243646 98.477809 87.316449 97.382133 102.533015 161.971871 177.162731 154.396135 152.820229 177.555118 180.757432 139.173055 116.065773 112.142215 104.358078 149.328992 199.942578 200.966058 198.915364 186.002346 148.456994 199.763180 48.137945 123.843917
156.386008 182.230512 134.372726 144.837123 152.375111 86.852020 0.000000 59.577871 109.522964 136.467581 132.963049 127.242471 175.960940 215.258872 145.190159 169.871934 168.560119 174.168468 180.338813 165.716568 213.067949 246.992269 230.242925 201.493743 218.955900 177.659190 158.933579 191.912563 181.971753 174.187616 120.930977 209.780834 231.639960 179.073624 120.971477 138.679657 259.331371 134.989965 114.066580
131.010668 139.769523 101.435147 130.231372 92.797240 38.521457 28.497656 0.000000 61.192401 88.137018 110.511931 86.218010 119.062120 166.928309 96.859596 128.847473 127.535658 125.837905 135.903590 141.054471 182.189006 203.882082 191.557343 181.625305 206.360195 206.156846 167.978131 153.226980 140.947291 133.163155 149.428633 226.205431 206.200379 178.173277 149.469133 161.307018 202.432551 86.659402 142.564236
69.818267 78.577122 121.479119 123.319111 90.868382 60.034756 106.772936 86.315556 0.000000 27.717123 70.374085 34.741989 101.882600 105.735908 35.667195 72.572701 75.806865 64.645504 74.711189 79.862070 139.300927 154.491787 131.725191 130.149284 154.884174 158.086488 116.502110 93.394828 89.471270 81.687134 126.658047 177.271634 188.424403 176.244419 163.331401 125.786050 177.092236 25.467001 101.172973
88.375351 86.037353 140.036202 130.779342 109.425466 65.718214 87.096089 58.598433 18.557084 0.000000 42.656962 53.299072 111.411178 124.292992 54.224278 76.609321 87.184049 83.202588 93.268273 98.419154 126.226286 169.359965 150.282274 148.706368 173.441257 176.643572 135.059194 111.951912 108.028354 100.244217 145.215131 195.828717 206.981487 194.801503 179.443857 144.343133 194.781610 44.024084 119.730056
47.803435 73.647940 115.891742 118.389929 147.321283 86.608438 120.054897 106.342901 66.301551 47.744468 0.000000 33.712124 68.754216 91.545400 56.676394 66.933236 44.527087 61.422379 71.488063 76.638945 83.569324 151.869196 123.211947 128.580134 153.315024 151.528984 115.472246 84.881585 83.069258 80.657269 135.853407 185.594937 166.409571 174.439592 159.208972 153.720267 152.124648 38.748962 129.107190
50.072194 65.874197 104.659720 110.616186 123.360148 75.166905 99.934933 86.222936 46.181587 27.624503 70.281465 0.000000 67.140612 93.032983 22.964270 42.629463 41.317648 51.942579 62.008264 67.159145 117.649164 119.749798 110.073427 95.407296 120.142185 138.390465 81.760122 71.743065 54.729282 46.945145 109.702832 163.809602 168.678330 151.318555 140.427008 139.112188 150.511043 18.628997 114.499111
95.167223 94.378876 105.051830 133.848055 139.364066 70.570458 138.267479 109.769823 71.372602 83.569824 126.226785 62.156078 0.000000 49.256387 84.351900 68.217006 86.412676 103.307968 113.373653 115.766568 63.126886 84.819962 81.684108 92.260190 116.995080 161.608887 108.238147 98.221091 81.207307 73.423171 136.180858 160.662496 199.528011 177.625926 135.690774 153.218413 83.370432 80.785075 128.605336
123.868720 149.713225 191.957027 191.833541 226.269263 171.099032 192.479391 210.298398 186.824387 184.058730 215.026034 177.574249 191.497674 0.000000 167.172783 164.628742 147.412642 155.598237 152.807416 157.103541 173.190013 154.346077 179.169105 186.377976 211.112865 246.762636 201.903828 180.115237 159.134543 167.088852 196.551069 227.155772 231.689953 179.123617 235.274257 229.785552 129.007046 196.203246 205.172475
34.151073 42.909927 102.239380 87.651916 119.190347 100.153284 127.514328 99.016672 63.932461 45.375377 88.032339 50.562471 101.809913 70.068713 0.000000 36.905506 40.139670 28.978309 39.043994 44.194875 136.303689 120.417921 124.636204 125.003935 149.738825 122.419293 111.356761 90.397590 69.416896 76.541785 90.990852 141.604439 152.757208 149.120769 127.664207 127.830442 141.425041 59.223221 103.217365
170.951703 115.000751 187.231601 159.742740 194.537364 80.998037 139.029734 120.197402 103.668982 130.613599 128.955950 138.410970 197.710166 206.869343 136.800630 0.000000 173.483037 164.017979 161.362480 146.740235 174.222662 209.812061 143.686723 210.117772 204.984791 244.397591 209.255866 197.063810 182.225026 174.440890 217.778634 276.557623 264.377306 244.207145 260.001211 199.921266 193.734416 129.135982 175.308189
8.754546 34.599051 76.842853 79.341040 102.794196 99.446501 92.215076 95.244521 39.411745 36.646088 79.303050 31.252658 90.091527 89.928666 19.859952 22.406149 0.000000 16.895292 26.960976 32.111858 110.907162 112.820307 84.496534 100.436829 125.171718 131.648463 86.789655 65.001063 44.020369 51.974678 96.804517 146.546048 127.360682 135.390703 120.160083 114.671378 134.544227 49.881655 90.058301
46.389231 43.410314 89.639531 88.152303 112.830662 113.553349 148.075730 123.447724 88.348817 69.806429 112.463391 57.349177 73.196235 94.499766 24.431052 61.336559 55.860654 0.000000 10.065685 15.216566 116.827159 123.295456 105.002213 96.025626 120.760515 137.568460 82.378452 70.921060 54.495518 47.563475 86.254965 164.427932 132.853637 120.142459 140.193244 128.330830 155.049906 74.726637 103.717752
36.323546 33.522387 97.409841 78.264376 113.398866 103.487664 138.010046 113.382040 78.297828 59.740745 102.397706 47.283492 63.130550 84.434081 14.365368 51.270874 45.794970 8.866208 0.000000 7.348357 110.399285 116.279341 102.823548 88.157417 112.892306 131.140585 74.510242 64.493186 47.479403 39.695266 78.386756 155.969806 124.985428 112.274250 133.177129 118.442902 146.500982 64.660952 93.829825
32.255399 28.193748 90.061484 72.935737 108.070227 104.550663 136.058866 128.004285 83.255535 70.022054 112.679015 42.397550 77.752796 99.056326 28.987613 65.893119 43.843790 18.450169 14.622245 0.000000 103.050928 108.930984 95.475192 80.809060 105.543949 123.792229 67.161886 57.144830 40.131046 32.346910 71.038399 149.211366 117.637072 104.925893 125.828772 113.114264 145.522885 61.026548 88.501187
94.824266 115.612212 162.912573 160.354201 181.554579 137.847327 159.225202 130.727546 90.686196 72.129113 114.786074 78.295247 145.220375 80.359214 77.231912 108.475869 86.069720 90.956033 82.089825 89.438182 0.000000 69.242189 94.065217 135.374433 155.363284 185.996650 141.578605 131.561548 114.547765 106.763628 160.476581 203.776740 207.075253 194.364075 200.245491 198.930671 143.155933 96.924244 174.317594
102.379037 128.223542 170.467344 172.965531 196.418687 112.458430 166.788151 149.571481 109.530132 90.973048 130.281693 97.139182 164.064311 86.898818 96.075848 116.030640 93.624491 109.799969 100.933761 108.282117 18.843936 0.000000 24.823029 91.254077 86.121096 141.476891 100.286635 101.037153 133.391701 125.607564 134.319122 157.693928 191.576499 169.845068 213.784574 203.599600 74.870721 85.482215 183.682792
114.649944 140.494448 182.738251 185.236437 197.285810 166.452184 189.761140 161.263484 106.417427 102.665051 145.322013 104.986009 172.126621 63.289167 107.767850 139.011807 116.605658 121.491971 112.625763 119.974120 30.535938 66.125337 0.000000 66.431048 61.298067 116.653863 75.463606 108.442590 124.094028 137.299567 110.359156 132.870900 166.753470 145.022040 208.867382 178.776572 50.047693 123.615007 164.040396
169.259522 160.411989 149.433731 173.503522 178.609606 187.166387 200.864537 225.412710 185.371361 166.814277 209.471239 172.980411 174.658295 162.891249 171.917077 193.694022 180.754884 185.641198 176.774990 184.123346 94.685165 129.949239 108.604456 0.000000 24.734889 69.348697 40.550795 73.529779 81.279559 157.068373 83.539702 68.402306 131.840659 109.066949 166.977285 115.820412 104.610208 169.432766 129.127585
171.801925 176.734963 174.453366 203.249591 208.765602 201.235784 176.129648 212.291816 172.250466 153.693383 196.350344 193.123841 195.699556 152.624293 182.907331 168.959133 163.047379 179.942670 190.008355 195.159236 119.871065 105.214350 89.335126 58.332158 0.000000 105.291355 74.495658 107.474642 123.126080 182.935875 117.484565 71.572833 145.022863 144.054092 195.276198 174.152570 79.875319 144.697877 154.147220
175.881108 165.991296 155.013038 180.125108 184.188913 220.789043 219.883028 204.321050 176.087762 172.393584 215.050546 178.559718 180.237602 168.470556 177.496384 207.983135 186.334191 191.220505 182.354297 182.730148 100.264472 125.089440 108.300036 88.690266 43.753380 0.000000 46.130102 79.109085 94.760524 150.507574 89.119009 85.467819 137.419966 115.688536 135.974748 149.443068 109.515463 188.451257 134.706892
129.751006 119.861194 108.882936 133.995006 138.058811 174.658941 203.484785 184.861915 144.820566 126.263482 168.920444 132.429616 134.107500 122.340454 131.366281 161.853033 140.204089 145.090403 136.224195 143.572551 54.134370 117.430360 71.309346 42.560164 60.022320 99.626383 0.000000 32.978983 48.630422 117.559858 42.988906 110.962470 91.289864 69.558434 134.328148 103.312966 121.357038 143.648617 88.576790
140.730364 131.942998 191.849604 174.472068 160.766024 171.698974 202.695890 176.633644 136.592295 118.035211 160.692173 116.980938 101.128517 89.361470 123.138011 154.381968 131.975818 136.862132 127.995924 135.344280 45.906099 104.455700 38.330362 43.698550 68.433439 66.647399 84.249345 0.000000 97.408206 134.135029 55.070710 112.100856 163.596512 113.213357 153.578937 143.280762 88.378055 121.389955 172.826135
152.175773 139.797542 153.788772 163.730182 177.987074 177.270484 183.199030 188.326515 148.285166 129.728082 130.987043 102.103579 122.109211 110.342164 125.067849 144.733042 143.421227 153.541534 148.976618 135.091365 66.886793 68.799938 59.204787 64.679244 89.414133 87.628093 105.230039 20.980694 0.000000 147.295034 72.606824 133.081550 151.859945 99.293610 85.697726 148.388322 109.252480 120.732576 133.482626
32.880710 20.955705 57.714575 65.697694 92.026811 103.078907 148.639708 142.278272 95.836377 93.070721 135.727682 84.740947 112.117086 114.159390 63.351903 71.444954 56.424632 57.852744 48.986536 42.343397 70.704019 76.584075 63.128282 48.462150 73.197040 91.445319 34.814976 24.797920 7.784137 0.000000 62.757687 116.864457 126.104841 104.373410 93.481863 92.167043 113.175975 94.091127 67.553966
111.945029 76.872287 136.778894 119.401357 105.695314 157.063081 193.536284 196.262447 159.785420 141.228336 183.885298 126.533079 172.110102 155.931199 126.954265 147.259384 135.488951 121.455106 112.588898 119.937254 92.136972 155.432962 109.311948 80.562766 98.024923 56.728213 38.002602 70.981586 86.633024 79.064319 0.000000 88.849857 110.708982 58.142647 98.508226 141.315568 159.359641 132.232830 119.700127
125.526409 132.318747 150.671029 177.060736 182.762502 204.702640 208.986939 212.016384 156.183607 153.417951 196.074913 148.024520 192.836783 181.069737 136.631815 139.178012 116.771863 133.667155 143.732839 148.480074 137.614365 146.805964 130.038629 135.406816 111.308999 67.555619 104.223766 91.708267 78.006026 111.363042 101.703425 0.000000 73.450030 128.639867 123.703365 133.356665 177.071082 166.653518 130.364883
69.208798 88.012565 107.223471 119.626410 123.481856 131.252609 152.669328 155.698773 99.865997 97.100340 139.757302 91.706910 150.545779 130.872524 80.314204 82.860401 60.454252 77.349544 87.415228 92.566110 98.119296 116.166900 67.583358 112.046206 125.825173 82.071793 94.772868 68.347657 47.366962 74.572515 56.770265 77.689976 0.000000 55.189837 50.253335 59.906634 117.631050 110.335907 86.917325
60.192573 62.246042 81.863626 64.436573 116.175862 130.628091 155.169377 141.684122 101.642773 83.085689 125.742651 113.898101 149.001471 160.116574 96.396262 92.294599 83.736495 91.922090 89.131269 86.784126 79.757359 124.585499 111.129706 96.463574 110.265030 74.155665 55.430054 72.799344 55.785561 48.001424 17.427451 48.032154 52.566336 0.000000 102.819670 86.170557 161.177399 74.090183 61.557480
118.994368 118.228273 68.091046 96.887270 102.403282 134.036571 162.862415 173.235937 147.797367 129.240283 171.897245 152.663043 179.935071 168.168025 141.270337 124.745297 121.410385 138.305677 147.657292 133.035046 124.712653 183.262254 117.136917 122.505104 147.239993 135.867534 100.413101 78.806554 117.497429 109.713293 79.139320 109.744023 114.278205 61.711869 0.000000 62.690596 167.184609 120.244777 47.784900
78.799004 101.712889 73.140980 101.937205 63.575222 71.345975 100.171819 110.545340 94.016920 106.690546 142.483954 101.297115 160.135985 159.973123 89.904410 92.450607 70.044458 86.939749 97.005434 102.156315 143.712926 144.314433 143.885467 129.219335 132.354710 88.601330 115.572161 105.555104 88.541321 80.757185 81.383018 111.987721 116.521902 63.955566 137.663937 0.000000 193.933159 111.610157 52.834834
127.718068 153.562573 195.806375 198.304562 183.609596 137.797461 192.127182 174.910513 134.869163 116.312080 155.620724 113.248523 180.389134 112.237849 121.414879 141.369672 118.963522 135.139000 126.272792 133.621149 44.182967 25.339031 50.162060 72.303188 84.888578 141.651885 112.853983 126.376184 153.582747 150.946595 155.842890 140.705494 204.143847 175.072742 195.305161 188.123600 0.000000 110.821247 201.430773
95.825281 95.032859 149.031708 139.774848 118.420972 56.537907 81.305935 67.593939 27.552590 8.995506 51.652468 62.294578 120.406684 133.288498 63.219785 71.424277 95.786721 92.198094 102.263779 107.414660 135.221792 178.355471 156.981178 157.701874 182.436763 185.639078 144.054700 120.947418 117.023860 109.239724 151.141364 187.468057 214.431417 203.797009 188.439363 153.338640 195.311928 0.000000 128.725562
71.209468 70.443373 20.306146 49.102370 54.618382 91.863608 124.784896 131.062974 113.037230 110.271573 152.928535 104.878143 133.667269 163.554151 93.485437 76.960397 73.625485 90.520777 99.872392 85.250146 140.144008 168.927510 147.146877 148.942146 156.967787 113.214407 106.381982 108.816515 106.475291 105.370262 68.379379 136.600798 119.896984 88.568643 154.279070 24.613077 197.194570 102.662866 0.000000
DEMAND_SECTION
1  0
2  7
3  9
4  3
5  1
6  2
7  3
8  8
9  5
10  8
11  8
12  5
13  6
14  4
15  6
16  3
17  5
18  8
19  9
20  5
21  8
22  10
23  2
24  5
25  2
26  2
27  7
28  7
29  9
30  5
31  10
32  4
33  1
34  8
35  1
36  4
37  3
38  4
39  9
DEPOT_SECTION
1
-1
EOF
