NAME: ftv33
TYPE : ACVRP
COMMENT : COMMENT: Asymmetric TSP (Fischetti) with demands added, capacity=40, HP (asym_scale=1.0)
DIMENSION: 34
EDGE_WEIGHT_TYPE : EXPLICIT
EDGE_WEIGHT_FORMAT : FULL_MATRIX
CAPACITY : 40
EDGE_WEIGHT_SECTION
0.000000 24.107252 73.636059 64.285632 75.171429 130.850844 110.619852 51.490760 86.106348 37.356675 82.287715 128.453017 44.197412 15.797938 33.801242 26.663335 34.817669 82.830332 143.209237 88.995112 113.704860 102.412760 115.123871 58.491517 52.508906 45.111815 69.474466 125.094265 157.561277 96.371920 100.307764 118.471862 57.411196 63.008197
64.939930 0.000000 49.528806 40.178379 96.800583 152.479998 132.249006 109.476478 103.217035 79.659868 132.202896 136.599658 84.690428 56.290954 70.662541 77.254991 65.959966 92.625256 130.585862 96.521081 125.430415 89.789385 91.016618 68.286441 39.885532 32.488441 87.687078 144.071031 139.312709 101.673787 76.200512 105.848488 99.714389 38.900945
61.838959 85.946211 0.000000 31.166277 47.271776 102.951192 82.720199 102.487984 116.444654 83.021959 133.745943 164.176297 74.535719 46.136244 66.547134 75.493182 86.744998 121.497964 153.119537 135.633160 168.310882 125.938149 158.795033 107.398520 78.997610 71.600519 114.041249 155.432571 154.831823 140.938702 58.793827 144.960566 102.757790 75.762644
30.672681 54.779934 36.146180 0.000000 83.417956 139.097372 118.866379 82.163441 116.779029 57.899591 112.960396 159.125698 60.007804 46.470619 49.394688 57.336017 65.490350 90.331687 166.304568 118.520690 144.377541 133.085441 138.770671 89.164199 61.885140 75.784497 85.995423 147.949197 185.309532 112.892876 76.044740 149.144544 77.954112 84.897769
120.996566 145.103818 141.186885 132.104090 0.000000 55.679415 35.448423 65.248103 138.303756 93.689240 92.126415 176.842541 118.682849 133.769771 137.143720 143.610246 132.315221 153.558749 167.726936 153.213952 190.132297 175.460284 176.003043 129.219934 96.578403 140.458161 131.249258 193.203033 218.162492 158.146712 76.001836 208.782349 55.486014 117.750728
132.892162 146.760119 120.003577 107.043811 54.658842 0.000000 50.689308 103.733948 160.959430 122.934060 146.785257 222.051861 91.083893 123.854698 131.304060 124.166153 136.208377 197.375498 222.385778 186.497930 200.249788 221.762825 226.564724 181.105647 151.237245 166.903947 185.908100 180.518409 175.167265 212.805554 130.660678 240.263994 110.144856 127.288536
127.328349 151.435601 105.738462 96.655667 52.134667 47.503824 0.000000 53.044640 110.270122 81.485778 144.261082 171.362553 116.307705 121.566308 146.050355 149.389966 139.321375 186.987354 197.431228 205.348620 225.473600 227.594951 209.816806 181.354602 148.713070 172.440164 164.289174 226.242949 222.671089 188.027476 109.815599 245.800211 95.555682 151.564491
88.290581 105.088062 154.616868 131.435268 58.087541 113.766957 93.535964 0.000000 83.655770 28.441137 111.702332 176.762935 63.263065 68.521668 96.829445 96.345325 108.387549 146.030867 144.386588 158.677102 172.428960 180.369087 164.019782 138.721310 106.079778 123.068142 111.244534 173.198308 205.579749 138.141987 115.031613 196.428189 42.511042 127.041115
100.342932 117.140412 162.832545 143.487618 66.878284 122.557699 102.326707 34.560590 0.000000 40.493488 68.539601 129.522711 75.315415 80.574018 106.431533 100.314208 89.019184 147.675399 156.438938 162.645985 151.478852 142.371381 176.072133 145.514744 112.873212 133.998117 123.296884 185.250659 211.762792 143.013939 142.880120 207.358164 53.335209 139.093465
59.849444 76.646925 126.175731 102.994130 62.674447 107.598996 86.300798 29.816611 89.254790 0.000000 83.261194 154.306415 34.821928 40.080530 68.388307 67.904188 79.946412 134.618987 115.945451 130.235964 143.987822 151.927949 135.578645 110.280173 77.638641 94.627005 82.803397 144.757171 192.515238 109.700850 123.081489 167.987052 20.054521 98.599977
87.450717 104.248197 153.777004 130.595403 90.275720 135.200269 113.902070 57.417883 116.856063 27.601273 0.000000 84.716126 62.423201 67.681803 95.989580 95.505461 107.547685 114.008281 91.595722 111.585401 150.041650 148.726102 163.179918 137.881446 105.239914 122.228278 110.404669 172.358444 220.116511 137.302123 150.682762 143.309079 47.655794 126.201250
163.402029 187.509282 237.038088 206.546715 200.201571 255.194091 235.649994 167.883878 133.323287 170.461339 164.384067 0.000000 172.032590 143.633115 171.940892 180.886941 188.821644 137.206420 114.793861 127.912371 180.775747 165.053072 204.667323 221.888510 205.576681 198.179590 232.876495 252.929442 300.687509 259.773949 239.452129 90.056487 186.658497 202.152562
41.808269 55.676226 105.205032 95.684406 62.342697 118.022112 97.791120 61.666777 103.079216 31.850167 78.159778 149.679349 0.000000 32.770806 40.220167 33.082260 45.124484 114.360569 147.795617 95.414037 109.165895 130.678933 144.423820 90.021754 80.590417 75.820055 111.282735 142.067132 167.868092 138.180189 128.589820 149.180102 51.904688 91.290253
19.768914 43.876166 93.404972 62.913600 59.373491 115.052906 94.821914 56.351739 70.308410 36.885715 87.609699 148.221930 28.399474 0.000000 28.307777 37.253825 45.188529 102.594210 152.643896 99.585602 133.473774 111.847419 112.865718 78.255395 61.943565 54.546475 89.243380 109.296327 157.054394 116.140833 95.819014 127.906522 56.940236 58.519447
42.457030 31.540014 81.068820 71.718393 96.461239 152.140655 131.909662 93.947790 120.810959 65.968709 112.278320 132.241163 34.118543 50.502549 0.000000 8.946048 20.988272 113.434551 129.197918 71.277825 139.998766 108.418526 122.556632 89.095737 56.454205 64.028455 104.704238 128.108974 143.731880 110.586162 104.464932 133.005734 86.023231 67.165365
33.510982 22.593966 72.122772 62.772345 97.350930 153.030345 132.799353 85.001742 111.864910 64.217055 109.862675 123.295115 41.256449 41.556500 7.137907 0.000000 12.042224 104.488503 120.251869 62.331777 131.052718 99.472478 113.610584 80.149688 47.508157 55.082407 95.758190 119.162926 134.785832 117.724069 95.518883 128.442454 80.914793 58.219317
21.468758 33.888991 73.813361 73.296560 96.640187 152.319602 132.088610 72.959518 107.575106 58.825433 103.756473 134.590140 48.853268 37.266696 18.029141 11.295025 0.000000 95.927420 131.546894 73.626801 132.500968 102.279877 124.905609 71.588606 52.376024 44.978933 83.898765 130.457951 122.743608 110.796218 102.961008 118.338980 78.879954 69.514341
113.985724 126.405957 166.330327 165.813526 128.503427 179.723908 158.425709 87.704819 113.264173 72.124912 84.674510 93.458851 106.946840 112.205442 110.546107 103.811991 92.516966 0.000000 75.972882 79.375443 152.503007 116.516144 175.688912 164.105572 144.892990 137.495899 128.972777 190.926551 215.260574 155.870230 195.206401 104.703858 77.942730 162.031307
136.398283 148.818516 188.742887 167.554030 150.915986 202.136467 178.599492 110.117378 126.918189 94.537471 107.087069 99.341347 129.051052 123.383663 123.686440 126.224550 114.929525 22.412559 0.000000 19.989679 93.117243 57.130380 116.303148 151.404183 146.633494 139.236403 151.385336 197.169745 197.988748 178.282790 171.801506 114.013656 100.355289 174.939425
163.352818 186.311121 215.362897 185.076349 132.732834 188.412249 168.181257 141.489100 106.928510 132.030076 144.579674 125.990473 166.852004 143.583904 170.451271 163.717155 152.422130 59.905164 57.920093 0.000000 73.127564 37.140701 96.313468 131.414503 141.458993 156.758722 133.639695 177.180065 177.999069 160.007878 151.811827 94.023977 137.847894 193.560719
116.082648 113.397970 148.094966 111.948786 191.254076 220.888807 173.384983 137.445799 177.246321 130.802585 169.907893 166.469022 155.923802 131.880585 121.805259 128.397709 117.102684 85.233383 116.211164 70.317811 0.000000 21.513038 35.257925 75.876604 74.187312 83.631159 72.584152 116.124522 163.882589 86.880315 167.175783 122.967299 150.857107 130.801330
169.077807 153.857338 201.090125 164.943945 174.020303 229.699718 209.468726 115.932761 199.588532 144.373899 212.378918 144.955984 179.195826 184.454429 174.800419 181.392868 170.097843 132.683902 126.191635 123.312971 52.995160 0.000000 79.334467 120.697477 124.479992 136.626318 116.660694 160.201064 185.002050 139.875474 178.490101 101.454261 158.443803 180.157434
110.059286 99.109357 148.638164 129.117489 185.230715 240.910130 220.679138 153.406644 178.965997 137.826736 150.376335 159.160676 144.239212 125.857224 113.415085 106.680969 95.385944 65.701825 107.226897 84.723002 57.599933 71.272602 0.000000 41.363010 45.145525 100.799862 37.326227 80.866597 128.624664 64.223681 138.122534 134.129564 143.644554 100.822967
123.016574 132.220783 130.494470 105.727654 152.842241 204.062722 182.764524 112.043634 137.602988 96.463727 109.013325 117.797666 131.285654 136.544257 134.884922 128.150806 116.855781 24.338815 100.311696 43.359992 60.912362 72.757814 94.666611 0.000000 62.236168 113.757150 70.437652 132.391427 131.870546 77.180969 157.476437 92.766554 102.281544 130.791874
120.359835 144.467087 163.136002 138.369185 159.964412 215.643827 195.412835 144.685166 163.564060 129.105258 141.654857 150.439198 128.990395 100.590921 128.898698 137.844746 145.779450 56.980346 114.555643 56.635550 93.553894 78.881881 114.701024 32.641532 0.000000 146.398682 103.079184 145.462953 164.512077 109.822501 190.117969 112.203946 134.923076 159.110368
32.451489 29.766811 64.463807 28.317627 107.622918 154.770423 133.472224 76.988037 118.557837 47.171427 99.714455 153.595666 72.292643 48.249427 38.174101 44.766550 33.471525 60.136815 98.097421 64.032640 96.710363 57.300944 107.973885 35.798000 7.397091 0.000000 55.198637 111.582590 141.840793 82.096090 84.469738 73.360047 67.225948 47.170171
72.733059 61.783130 111.311937 91.791262 147.904487 203.583903 183.352910 124.223818 158.839406 110.089734 155.020774 146.447383 116.930471 88.530996 96.390261 89.656145 78.361120 96.490682 141.255990 109.048370 72.883696 94.396734 52.775249 72.151867 52.412820 63.473635 0.000000 61.953775 109.711841 26.897454 100.796307 116.518616 130.144255 63.496740
121.995686 130.598183 172.203065 136.056886 159.072837 214.752252 194.521260 158.396917 199.809356 128.580307 174.889918 230.485271 96.730140 129.500946 109.475680 118.421729 127.623748 153.163705 187.246456 171.771899 105.111943 126.624981 112.523546 143.537259 115.136349 107.739258 84.037888 0.000000 47.758067 76.160081 144.892629 162.509081 148.634828 129.770987
86.575685 82.840117 132.368923 105.633889 138.762711 194.442127 174.211134 138.066445 172.682033 123.932360 168.863400 182.727205 95.836156 102.373623 61.717614 70.663662 82.705886 105.405638 175.413683 132.995438 63.100124 84.613162 68.398553 108.431689 77.505082 77.316261 36.279822 74.418273 0.000000 40.740080 101.519939 150.676308 143.986882 94.350986
45.835605 57.048827 101.039988 64.893808 121.007034 176.686449 156.455457 97.326365 131.941953 83.192280 128.123320 174.288622 90.033017 61.633543 69.492808 62.758692 51.463667 96.712996 134.673602 100.608822 101.776215 93.877125 48.367003 72.374182 43.973272 36.576181 28.892519 90.846294 86.397360 0.000000 80.295469 109.936228 103.246801 53.610905
91.197992 94.223136 91.487071 78.821320 131.628979 165.139332 136.356074 141.444362 177.304340 111.627752 164.170780 201.694805 118.667007 106.995930 84.548464 93.494512 97.927850 124.593140 162.553746 128.488965 128.131118 121.757269 100.001207 100.254325 71.853416 64.456325 55.247422 117.201197 142.160655 82.144876 0.000000 137.816372 131.682273 41.748892
161.135658 173.555890 171.857863 135.711683 170.588719 165.137605 203.336866 120.168095 144.784395 119.274845 131.824444 112.672134 122.314502 148.121037 148.423814 150.961924 139.666900 47.149934 24.737374 37.855885 90.719260 74.996586 125.977185 166.595864 164.906572 163.973777 163.303412 206.843782 215.854953 177.599575 189.667712 0.000000 124.464689 199.676800
98.052671 108.895110 158.423916 141.197357 67.849631 123.529046 85.266838 9.762089 82.817743 38.203227 121.464421 134.251893 63.196835 78.283757 103.417002 96.279095 108.321319 155.792956 154.148677 158.610872 166.275821 187.788859 146.167374 148.483399 115.841868 132.830232 93.392126 155.345900 203.103967 120.289579 124.793702 206.190279 0.000000 136.803204
67.745110 91.852362 49.738179 37.072428 89.880088 145.559503 125.328511 119.235869 153.851457 94.972019 150.032825 196.198126 97.080232 83.543047 86.467116 94.408445 95.467654 127.404115 199.853313 155.593118 137.075306 147.009200 121.286001 126.236627 98.957568 101.755892 92.546989 154.500764 100.411764 119.444443 37.299567 175.115939 115.026540 0.000000
DEMAND_SECTION
1  0
2  7
3  3
4  2
5  2
6  2
7  5
8  3
9  5
10  5
11  10
12  1
13  2
14  4
15  4
16  4
17  8
18  1
19  8
20  1
21  10
22  5
23  3
24  6
25  9
26  9
27  4
28  6
29  8
30  1
31  9
32  1
33  6
34  9
DEPOT_SECTION
1
-1
EOF
