NAME: ftv44
TYPE : ACVRP
COMMENT : COMMENT: Asymmetric TSP (Fischetti) with demands added, capacity=40, HP (asym_scale=1.0)
DIMENSION: 45
EDGE_WEIGHT_TYPE : EXPLICIT
EDGE_WEIGHT_FORMAT : FULL_MATRIX
CAPACITY : 40
EDGE_WEIGHT_SECTION
0.000000 36.169910 55.304787 83.378246 82.761537 67.099971 97.027376 114.419290 137.379619 142.130456 90.107035 66.811936 93.032766 98.554375 47.985578 57.980892 137.154541 76.628229 134.356817 48.850230 38.360511 16.082709 79.027719 126.693134 86.009031 86.377310 108.861683 120.417066 116.450867 45.714233 44.446869 31.779755 66.980284 97.045484 159.710999 133.352560 95.356996 138.143713 91.877283 84.469743 104.627763 118.993368 139.755390 70.584115 72.768347
81.268117 0.000000 19.134877 53.923623 52.715768 52.324470 60.857466 86.334176 143.696007 114.045342 132.710227 115.086748 141.307577 151.356395 100.828252 110.823566 189.997215 129.470903 159.835792 101.148012 79.304871 68.925383 118.355363 154.575493 113.793746 118.259329 113.466069 131.346669 93.536296 88.912407 68.809170 57.625603 85.016429 122.891332 143.162638 97.182650 137.052410 108.734603 55.707373 48.299833 68.457853 82.823458 146.423902 123.426789 43.313723
62.133240 68.121914 0.000000 34.788745 33.580891 33.189593 62.074497 67.199298 133.515339 94.910464 113.575350 95.951871 122.172700 132.221518 81.693375 91.688688 170.862338 110.336026 150.936763 82.558027 60.169993 49.790505 109.456333 135.501580 94.719833 124.333455 94.331192 132.684019 133.521934 86.336989 59.910141 63.699729 101.308223 128.965458 141.824215 85.957490 141.441737 89.599726 36.572495 50.594437 70.752457 81.761927 154.610034 104.291912 24.178846
43.540402 79.710313 63.181317 0.000000 26.159992 45.110704 52.878750 59.778399 120.096668 85.729963 106.154451 107.872982 119.265291 129.314109 91.402819 101.521294 180.571782 120.168631 177.897219 92.390633 72.091105 59.623111 122.568122 170.233537 129.549433 129.917713 146.418168 163.532882 98.733189 89.254635 87.987271 75.320157 93.786831 106.306909 158.873763 112.893774 138.897398 152.781043 82.412155 64.010957 72.309549 59.885677 183.295793 112.782861 87.360164
39.435300 53.883033 37.021325 71.810071 0.000000 18.950712 28.493606 33.618407 99.934448 61.329573 79.994459 81.712990 93.105299 103.154117 78.036016 97.416192 167.204980 116.063529 173.792117 82.395278 45.931112 55.518009 118.463019 154.533930 113.752183 125.812611 131.352517 150.273343 147.419329 85.149533 83.882169 71.215055 106.415585 136.480785 173.678386 111.503139 134.792296 126.621051 73.593821 78.815580 98.973600 50.459598 173.642384 86.622869 61.200171
31.686285 34.932321 18.070613 52.859359 51.651504 0.000000 80.145110 85.269911 151.585952 112.981077 86.057376 62.762278 88.983107 99.031925 79.671863 83.793921 168.840826 102.441258 163.460364 63.444566 26.980400 47.768994 110.714004 153.572193 112.790446 118.063595 112.401805 131.322631 128.468617 77.400518 76.133154 63.466040 93.680861 128.731769 159.894828 92.552427 127.043281 107.670339 54.643108 68.665050 88.823070 99.832540 171.441675 87.571171 42.249459
110.967177 116.270607 99.408900 75.119174 71.531877 81.338287 0.000000 50.740490 82.838541 78.451656 90.592576 77.210021 103.430850 113.479668 72.072750 107.033981 161.241714 120.568584 186.700424 124.554327 108.318687 101.484176 171.314834 157.805603 176.472061 184.788534 136.702082 130.036645 148.706738 144.125456 131.026549 130.809059 107.783317 149.570544 145.184780 99.204791 117.314604 160.101321 68.723172 50.321974 70.479994 21.965992 154.622674 96.582685 87.908245
103.371344 126.016252 105.931461 140.720206 139.512352 139.121054 114.371670 0.000000 66.316041 27.711166 46.376052 49.895388 76.116218 86.165036 44.417609 79.378840 133.586572 92.913442 159.045283 78.188881 67.163448 90.307590 143.659693 130.150462 157.647333 157.133393 164.143801 191.173149 164.928738 116.470315 103.371408 124.308867 157.274397 189.574596 176.571988 149.704863 168.250232 175.907365 142.503956 130.729322 140.156708 93.571101 170.919625 53.004462 130.110307
134.399124 143.290044 126.428336 98.551120 94.963824 108.357723 77.643538 51.319264 0.000000 30.537571 81.718207 91.735523 115.433366 124.084601 95.736873 124.060246 184.905837 142.707583 203.726689 129.508145 118.482712 124.916123 186.329861 181.469727 193.673329 198.138912 214.345620 181.140005 182.077396 167.789580 150.172300 137.505186 140.017502 181.804729 177.418965 131.438976 173.403460 212.825873 100.957357 82.556160 73.840667 45.397939 178.054621 83.933320 119.361561
133.257453 125.675315 139.348603 153.239287 149.651990 163.045889 86.660504 49.410220 54.688167 0.000000 69.594126 61.197952 84.895796 93.547030 93.827829 111.936165 181.619871 125.435705 180.767686 127.599100 105.656914 137.608364 155.792291 179.560682 163.135758 167.601341 190.085714 201.641097 172.632117 138.254419 119.634729 106.967615 142.023107 172.233344 148.860822 121.993697 174.770309 195.300805 145.510457 136.982478 128.528834 100.086106 203.441888 53.395749 147.956207
63.663327 99.833237 118.968114 139.558785 146.424864 119.031499 157.673616 43.301947 109.617988 71.013113 0.000000 25.935691 52.156521 62.205339 35.324222 42.342039 124.493186 60.989376 122.008482 72.800907 76.365926 68.014237 108.723277 121.057075 145.223512 148.040006 170.524379 182.079762 152.739280 107.376929 94.278021 95.443082 130.643611 160.708811 186.228183 168.109531 121.874180 164.660897 153.171753 135.780808 145.391789 136.873048 138.995559 41.208575 128.948886
86.958425 104.600216 117.827528 152.616273 151.408419 142.326597 165.457681 66.597045 110.968455 93.689028 23.295098 0.000000 26.220830 36.269647 58.619321 65.637137 124.342488 64.237753 145.303580 96.096005 99.661024 91.309336 94.594338 144.146436 164.290175 168.831259 191.315632 177.125060 160.747118 130.672027 117.573120 108.197533 107.379009 149.166236 207.624522 178.784964 145.169279 173.583757 154.400023 152.900048 168.686887 156.366394 142.243935 64.503673 142.006374
85.814643 78.379386 97.514263 132.303009 131.095154 118.839387 139.236852 82.510021 148.826062 110.221187 39.208074 65.143766 0.000000 10.048818 47.177982 55.919064 98.121659 52.648823 135.585507 96.448323 88.219686 67.822126 129.052079 132.910835 138.144846 142.610430 165.094802 176.650185 167.689111 113.263507 94.643817 81.976703 125.475395 147.242433 219.195202 175.562036 161.082255 187.113989 134.086759 126.679219 146.837239 161.202844 130.655005 71.687916 121.693110
75.765826 68.330568 87.465446 122.254191 121.046337 108.790570 129.188034 107.259656 142.484875 134.970822 63.957709 60.234877 77.237580 0.000000 37.129164 45.870247 88.072841 42.600005 125.536690 89.610742 78.170868 57.773308 134.141192 122.862018 128.096029 132.561612 155.045985 166.601368 157.640294 103.214690 84.595000 71.927886 115.426578 137.193615 209.146384 165.513218 159.650050 177.065171 124.037941 116.630401 136.788421 151.154026 120.606187 61.639099 111.644292
58.953735 82.264077 101.398954 114.935186 130.873040 96.907243 142.710392 89.909453 105.355711 117.620619 46.607507 32.312137 56.009981 64.661215 0.000000 34.961231 89.168963 48.495833 114.627674 52.481577 41.041703 45.889981 99.242084 85.732853 113.229724 112.715784 135.200157 146.755540 120.511129 72.052706 58.953799 79.891258 117.977355 145.156987 195.319392 149.339403 154.310731 164.127979 118.857784 100.456586 120.614606 144.744712 126.502016 24.509934 104.325287
86.493276 108.904052 128.038929 162.827674 161.619820 147.561836 169.761517 105.171669 164.247713 132.882835 102.800346 88.504977 81.988135 40.573483 58.892002 0.000000 128.646324 18.647337 79.666443 111.373579 89.998248 96.544574 114.907505 90.536127 118.032998 138.345433 160.829806 172.385189 166.315129 130.944708 117.845801 112.501369 112.947019 154.734246 195.330579 184.352975 164.983000 199.640513 155.326097 157.203884 177.361905 176.707174 96.653520 80.702774 152.217775
69.974340 105.235191 124.370068 150.357627 149.740918 136.229867 166.092657 131.802890 156.596439 159.514056 97.848235 80.057523 106.278353 95.563164 51.240729 54.989681 0.000000 7.315368 83.314291 86.680618 78.666279 85.212605 83.586819 117.289406 107.367791 156.351650 150.012952 164.814927 154.983159 115.688573 110.194528 98.759136 101.615050 143.402277 183.998609 173.021005 153.651031 180.104508 160.942564 151.697315 171.855335 165.375205 85.321550 75.750663 139.747728
67.845939 97.919823 117.054700 151.224184 150.607476 128.914499 158.777289 124.487522 149.281071 152.198688 90.532867 76.237498 99.935341 92.209987 43.925360 51.636504 133.094324 0.000000 112.301798 96.406938 71.350911 77.897237 121.036395 109.974038 100.052422 154.223249 142.697583 157.499559 147.667791 113.560171 102.879160 99.625693 94.299682 136.086909 176.683241 165.705637 146.335663 189.122379 153.627196 144.381947 164.539967 158.059836 78.006182 68.435295 140.614285
153.043250 189.213160 208.348037 236.421495 235.804787 220.143220 236.084789 216.777805 173.728805 204.266376 181.526994 158.231896 184.452725 162.763125 136.215643 141.623918 86.634237 92.290283 0.000000 171.722583 163.641193 169.125958 116.239354 147.208153 158.613210 171.480652 116.454566 205.520408 201.554209 198.757482 195.169442 184.823004 159.521824 201.309051 259.255015 230.927779 211.557805 254.344521 235.750479 236.672229 247.569472 219.126744 127.524626 160.725577 225.811596
31.975343 68.145253 87.280131 107.901487 114.736880 89.112264 90.228814 113.814419 133.905443 141.525585 70.512473 56.217104 79.914947 88.566181 28.549732 63.510963 117.718696 77.045566 108.856827 0.000000 51.933025 38.095002 111.003062 114.282586 117.984374 118.352653 128.792037 130.961827 148.426210 77.689576 76.422212 63.755098 98.955628 129.020827 191.686342 146.376107 127.332339 170.119056 96.991112 116.445086 136.603106 112.194807 155.051748 48.414901 104.743690
118.931226 155.101137 174.236014 194.857371 201.692764 176.068148 177.184698 113.908059 127.506874 141.619225 82.688343 68.392974 92.090817 100.742052 112.458510 125.030382 188.814893 132.630727 187.962708 86.955883 0.000000 125.050886 162.987312 182.078817 204.940257 205.308537 215.747920 217.917710 203.195727 164.645459 163.378095 150.710981 175.771982 215.976711 252.294522 233.331990 204.562523 241.976730 183.946996 203.400969 201.347541 172.904813 210.636909 60.590771 191.699573
17.992518 52.708976 66.382265 82.917364 84.983059 51.017262 113.476665 98.336582 121.296910 126.047748 74.024326 50.729227 76.950057 82.471666 31.902869 41.898183 121.071833 60.545520 121.564626 32.767522 22.277802 0.000000 96.214583 117.635723 90.169420 94.635003 117.119376 128.674759 124.708560 63.706750 46.668391 34.001277 77.499969 99.267006 171.219775 140.458303 113.349514 155.981991 102.954761 95.258922 115.416942 133.812802 138.551703 54.501406 74.989869
146.906310 176.980194 163.757102 168.479479 150.300304 161.840165 178.793910 169.079185 213.966744 196.790351 128.846423 115.526203 139.224046 116.036676 109.045892 75.463193 172.353561 79.060371 103.569056 145.752196 86.459870 133.737753 0.000000 49.552098 77.048968 97.361404 119.845777 131.401160 127.434961 162.662352 156.692413 167.739030 153.871107 186.641819 239.970976 198.986831 205.907087 248.693804 151.879666 207.753069 221.639177 200.759902 136.939170 107.724000 176.502553
126.307544 141.913393 155.586682 174.804184 174.187476 159.332288 186.428912 119.527087 185.843128 147.238253 79.294325 105.230016 128.666973 129.132468 114.618547 99.834571 122.801464 103.431749 110.148737 96.200098 110.831248 108.315026 24.371378 0.000000 27.496870 47.809306 70.293679 81.849062 77.882863 113.110254 107.140315 123.205694 104.319009 137.089721 190.418878 149.434733 156.354990 199.141706 172.248136 190.213226 210.371246 167.771881 87.387072 107.933994 164.194285
98.810674 133.527132 147.200421 161.351078 165.801215 131.835417 194.294821 160.308834 202.115065 188.020000 120.076072 129.185545 101.170102 111.218920 112.721025 122.716339 163.583211 141.363676 150.930484 113.585677 103.095958 80.818156 65.153125 40.781747 0.000000 73.727099 96.211472 107.766855 103.800656 119.850112 93.423264 114.819433 83.590205 125.377432 183.835718 154.996160 135.626186 178.412902 144.751265 176.077078 196.235098 205.310698 59.890201 121.383342 155.808024
142.099787 158.502386 154.980980 149.338171 175.498163 188.170573 171.330892 209.116571 213.971809 224.225303 183.466311 167.158663 177.055373 187.104190 165.138047 147.967524 178.293118 154.633359 150.357630 156.567309 162.032858 152.196224 75.572988 104.171986 75.885270 0.000000 22.484373 34.039756 30.073557 65.300948 59.331009 139.794687 56.509703 89.280414 142.609571 101.625426 108.545683 151.332400 132.738358 176.678353 194.574635 151.455386 60.182025 183.296987 145.427838
119.615414 155.785324 174.920201 191.394706 202.376951 186.715384 213.387426 234.034704 256.028344 212.527327 196.983627 186.427350 178.077657 188.126475 167.600992 150.063358 155.808746 163.124114 205.383717 168.465644 157.975925 135.698123 104.812297 117.689302 76.907555 55.026086 0.000000 89.065842 85.099643 120.327034 114.357095 151.395169 98.566237 87.781591 142.800449 156.651513 150.602218 164.830044 174.794893 204.085157 192.453263 206.481472 89.344952 190.199529 187.484372
154.152403 124.462630 138.135919 129.060746 155.220738 171.325512 162.488928 188.839146 201.039826 214.790709 179.592731 158.316699 168.213409 178.262226 175.776916 142.194217 214.027222 145.791395 141.515666 178.743903 153.190894 145.976381 66.731024 100.298406 67.043306 71.652189 68.916572 0.000000 21.231593 56.458984 50.489045 105.754931 47.667739 55.240659 108.569816 67.585671 99.703719 132.289111 123.896394 166.521369 185.732671 142.613422 126.933508 174.455024 135.270854
141.861898 147.896671 146.293506 119.264614 145.424606 158.381300 141.257335 179.043014 183.898252 194.151746 158.361138 137.085106 146.981816 157.030633 154.545323 120.962624 192.795629 124.559802 120.284073 159.397391 131.959301 126.629869 45.499431 79.066813 45.811713 50.420596 47.684979 84.460352 0.000000 35.227391 29.257452 129.188972 26.436146 68.223373 126.681658 93.841923 78.472126 121.258843 102.664801 146.604796 164.501078 121.381829 105.701915 153.223431 115.354281
154.079646 157.821051 176.955929 125.086270 151.246262 169.559846 172.506033 184.864670 212.548167 180.130741 159.847039 136.551940 156.439075 166.487892 167.989997 141.801104 157.568238 145.398283 98.732218 161.057583 152.797781 136.087128 66.337912 80.978902 55.268972 40.663078 63.147451 74.702834 70.736635 0.000000 52.877141 160.249031 57.684844 99.472071 155.608896 122.079771 109.720824 98.608850 113.843348 169.716750 183.602859 174.402780 94.041158 174.061911 138.466235
153.135856 127.933389 141.606678 109.595453 135.755446 154.706158 162.474203 154.434676 159.671026 182.145842 172.139759 157.844390 181.542233 165.582869 158.592085 125.009385 175.420403 128.606563 91.026622 187.484431 136.006062 162.513976 49.546192 99.098290 81.695820 67.089925 89.574298 101.129681 97.163482 26.426848 0.000000 109.225690 84.111691 125.898918 144.335603 103.209633 115.084194 125.035698 130.809428 130.236070 150.394090 157.808487 120.468005 150.042187 98.985554
48.397472 18.707699 32.380988 51.598491 50.981782 65.570581 79.475388 84.600190 127.534872 112.311356 106.119347 91.823978 113.920248 106.043591 96.073398 65.470107 185.242361 84.117445 102.577062 88.619475 53.969962 64.170528 62.213306 96.949890 56.168143 60.633726 83.118099 94.673482 90.707283 31.286804 12.667114 0.000000 43.498692 65.265729 137.218498 106.457026 95.534673 121.980714 68.953484 67.007532 87.165552 99.811525 116.058344 84.021775 40.988592
115.425752 128.282915 119.857361 92.828469 118.988461 131.945154 114.821189 152.606868 157.462107 167.715600 182.527244 168.231875 191.929718 180.718985 163.411330 172.550342 237.709753 176.147521 153.315971 141.113940 153.786263 131.508461 97.087150 132.434923 99.179823 92.115741 101.053088 69.746051 53.368109 88.595500 62.289349 109.575216 0.000000 41.787227 100.245513 71.405955 52.035981 94.822697 76.228656 120.168650 140.326670 136.787181 152.297766 160.429672 88.918135
154.604576 116.980429 136.115306 117.419749 143.579741 162.530453 145.038195 177.198148 223.582322 203.149712 211.853235 188.558137 213.268538 209.509809 181.371400 199.717036 265.811536 218.364374 179.177299 159.859675 151.105384 170.687285 139.899492 189.451590 161.809144 172.772061 170.036444 101.119872 122.351465 157.578856 146.914043 134.246929 118.317630 0.000000 71.952769 98.288220 97.862256 77.048453 112.028650 138.060365 158.218385 159.311683 221.699345 204.190160 106.809850
101.546723 69.153670 88.288547 68.962114 95.122106 112.923559 73.085426 123.825916 151.629553 141.589107 156.400750 136.049792 162.270621 157.923763 116.456639 127.764267 205.625602 146.411605 164.871222 87.906906 116.264122 104.726161 83.298313 132.850410 118.462303 122.927886 116.747501 109.058103 76.973870 93.580964 74.961274 62.294160 46.364861 45.884674 0.000000 26.335450 25.909487 46.439983 57.207060 110.349995 126.966572 95.051418 178.352504 134.303178 81.829948
86.566732 56.876960 70.550249 61.475076 87.635068 103.739842 114.353826 121.253475 165.704133 147.205039 144.288608 129.119938 152.089508 131.588312 110.293580 103.639368 199.462544 122.286705 139.341699 111.158232 92.139222 78.390711 83.940213 129.705233 94.337403 98.802987 90.412050 89.775461 50.638419 69.456064 50.836374 38.169260 20.029410 60.620668 120.274923 0.000000 72.065391 92.734630 80.891902 98.935698 119.093719 112.517543 154.227605 122.191036 67.685183
88.982701 103.112311 105.084685 45.442298 71.602290 87.014072 98.321048 105.220697 125.720065 115.679620 130.491263 116.195894 139.893738 148.544972 120.119395 130.114708 209.288358 148.762046 185.577050 120.984047 110.494328 88.216525 126.317425 139.877343 108.152591 145.038338 136.647401 136.010812 96.873771 115.691415 97.071725 84.404611 66.264761 96.818832 64.354003 46.235351 0.000000 42.786717 31.297573 84.440508 101.057084 91.857006 168.042793 108.393691 55.920460
95.120413 113.851114 108.767310 51.580011 77.740003 90.696696 104.458760 111.358410 170.817083 137.309974 157.734462 153.458974 170.845302 180.894120 142.982830 153.101305 232.151793 171.748642 197.720477 143.970644 117.677097 111.203122 127.607185 161.174568 127.919468 132.528351 129.792733 129.517878 82.107755 117.335146 107.810529 95.143415 104.394602 144.985860 168.073713 84.365192 154.626448 0.000000 34.980198 73.210907 93.368928 82.263230 187.809669 164.362872 54.263756
60.140215 90.648820 73.787112 16.599813 42.759805 55.716499 69.478563 76.378212 136.696481 102.329776 122.754264 118.478776 135.865104 145.913922 108.002632 118.121107 197.171595 136.768445 171.206967 108.990446 82.696899 76.222924 133.325207 179.090227 143.722398 122.609219 139.797044 139.160455 100.023414 105.854448 100.221369 87.554255 69.414404 110.005662 142.268256 49.384994 121.450385 142.119624 0.000000 55.873403 69.759511 60.559433 182.791245 129.382674 24.622887
77.998660 105.759776 92.188309 34.458257 60.618249 74.117696 52.949909 61.103944 106.397028 87.889289 107.479996 110.999333 137.220162 147.268980 105.521553 135.979551 194.690517 154.017387 185.471642 126.848890 101.098096 94.081368 132.823029 164.303011 143.220220 141.010417 139.294867 127.207394 99.521236 118.338881 99.719191 87.052077 57.461343 99.248570 94.862806 48.882817 90.847301 133.634018 18.401197 0.000000 20.158020 44.288126 176.944808 114.108406 38.887562
143.299279 129.400323 143.073611 99.758877 125.918869 138.875562 102.614663 115.748981 115.745058 77.621524 147.215650 138.819476 162.517320 171.168554 160.166590 176.162731 249.335553 188.447168 211.865062 180.675843 121.592792 147.908322 156.463576 185.362390 166.860766 171.326349 162.935413 162.298824 123.161782 141.979427 123.359737 110.692623 92.552773 133.144030 115.451150 72.523363 141.360637 140.291656 83.159064 103.761006 0.000000 92.809765 225.466447 131.017273 107.781951
89.001185 97.892105 81.030397 53.153182 49.565885 62.959784 32.245599 82.986089 115.084140 101.479463 82.185865 108.121556 100.542841 110.591658 104.318349 121.416367 193.487312 140.063705 201.082810 112.285706 89.940184 79.518184 168.028904 176.646643 154.506069 169.476793 168.947681 135.742066 136.679457 134.715418 121.510181 108.843067 94.619564 136.406790 132.021026 86.041037 128.005522 170.630123 55.559418 37.158221 50.785689 0.000000 132.656682 123.394439 73.963622
104.749661 140.919572 160.054449 188.127907 187.511199 171.849632 201.777037 163.517047 210.311733 191.228213 123.284285 137.268159 160.966003 128.358981 104.956022 87.785498 166.791424 106.432836 120.414631 140.190058 129.490083 120.832370 43.030213 43.989960 64.166800 91.799267 82.724761 79.493377 100.724969 135.952360 129.982421 136.529416 127.161115 134.734035 188.063192 147.079047 178.254200 211.782488 194.909879 189.219404 209.377425 211.761841 0.000000 129.465956 177.518008
85.760899 108.481849 125.629731 144.071312 159.210622 141.129071 148.177867 65.399519 118.770658 93.110685 22.097572 7.802203 31.500046 40.151281 57.421794 64.439611 128.224122 72.039956 127.371937 94.898479 98.463498 90.111809 102.396541 143.154648 167.321084 146.190358 168.674731 180.230114 168.549321 129.474501 116.375594 112.079167 115.181212 156.968439 208.325755 186.587167 143.971752 181.385960 162.202226 156.781682 167.489361 158.970620 150.046138 0.000000 149.808577
54.150302 90.320212 73.791216 10.609899 36.769891 55.720603 63.488649 70.388299 128.752835 96.339862 116.764350 118.482881 129.875190 139.924008 102.012718 112.131193 191.181682 130.778531 146.584079 103.000532 82.701004 70.233010 133.178021 180.843436 140.159332 140.527612 157.028067 158.457909 109.343088 99.864534 98.597170 85.930056 88.711858 116.916808 117.645368 80.133332 122.097816 163.390942 31.823874 31.250515 51.408535 58.822933 191.479615 123.392760 0.000000
DEMAND_SECTION
1  0
2  5
3  3
4  7
5  6
6  7
7  6
8  9
9  2
10  7
11  4
12  4
13  10
14  1
15  1
16  5
17  5
18  4
19  10
20  7
21  1
22  6
23  10
24  1
25  6
26  3
27  9
28  9
29  5
30  4
31  10
32  10
33  8
34  2
35  8
36  7
37  9
38  5
39  2
40  8
41  7
42  1
43  5
44  6
45  2
DEPOT_SECTION
1
-1
EOF
