NAME: ftv47
TYPE : ACVRP
COMMENT : COMMENT: Asymmetric TSP (Fischetti) with demands added, capacity=40, HP (asym_scale=1.0)
DIMENSION: 48
EDGE_WEIGHT_TYPE : EXPLICIT
EDGE_WEIGHT_FORMAT : FULL_MATRIX
CAPACITY : 40
EDGE_WEIGHT_SECTION
0.000000 39.763106 123.778256 107.031698 92.156316 129.470364 85.041373 160.661412 73.248747 88.764359 56.549251 95.941932 123.665671 114.020375 125.155185 154.005566 147.532281 86.912000 69.022867 148.532597 85.639837 103.641677 66.679396 166.536007 83.942972 33.982282 58.511626 90.306115 50.091249 105.922426 133.789325 113.093382 93.866867 89.195921 133.112569 148.391261 94.798089 103.651226 102.448270 83.738978 78.806680 84.750844 99.673020 123.545002 129.273026 85.196294 125.777707 49.323341
52.731836 0.000000 143.660959 107.846741 92.971358 94.156572 85.856415 151.442608 60.413920 50.259794 57.364294 72.710258 106.646063 97.000768 105.964294 136.985958 107.769175 69.892392 52.003260 140.397546 91.248677 116.613893 72.288235 149.516400 84.758015 39.591121 43.638712 50.543009 69.973952 106.737469 130.312947 113.908425 84.648064 60.184623 111.627962 131.371654 77.778481 72.753472 80.331466 96.711195 84.415519 90.359684 73.704721 129.153842 142.245243 121.019148 96.545953 54.932180
168.497934 115.766098 0.000000 150.177979 136.533812 150.286061 99.575623 183.067730 128.765386 135.197500 149.056876 151.458570 222.412161 212.766866 192.287311 225.827519 188.068053 185.658490 167.769358 188.613381 138.685781 187.110857 88.313642 223.087406 135.213791 155.357219 104.780137 146.042275 53.699612 150.299923 143.974201 127.627632 116.273186 135.276713 222.316366 229.918901 193.544579 176.385320 166.599134 177.895806 100.440926 108.733921 119.348785 90.731979 177.419287 214.509334 212.312051 113.416879
107.152318 131.186144 94.053689 0.000000 34.382647 71.696696 26.584308 133.680294 55.774071 32.186847 54.105363 70.514390 165.137501 126.580763 123.658737 187.144775 147.326293 118.550410 110.494698 205.021946 123.222901 170.405209 124.974756 150.096092 41.861098 111.758230 110.543396 37.150139 49.426550 46.165352 62.748954 54.636318 80.008215 13.319777 111.469402 134.283724 126.436499 131.362217 138.940211 150.502510 133.822377 122.258463 115.971120 118.388497 196.036559 141.518019 133.716830 125.643761
122.027701 137.320564 89.961731 14.875383 0.000000 37.314049 32.718728 139.814714 61.908491 47.062229 68.980746 84.601676 171.271921 137.498347 130.892227 192.887247 143.031291 133.425793 116.629118 219.897329 132.026122 167.871458 137.722761 156.230512 53.548049 117.892650 116.677816 52.025521 62.270391 13.766111 49.861397 60.770738 86.142635 28.195159 126.344785 149.159107 141.311882 96.979570 104.557564 147.968760 141.228540 106.468282 130.846503 133.263880 193.502808 147.652439 148.592213 133.233710
129.374921 160.091949 123.481983 75.619138 60.743755 0.000000 55.490114 162.586099 82.801664 91.111991 66.102168 105.494849 145.116554 106.332190 134.440942 155.573199 144.012254 109.661474 137.522291 223.620206 133.007085 168.852422 154.996620 153.424673 88.977657 140.664036 139.449201 101.956766 121.387709 47.286363 53.731115 63.673050 103.419784 88.938914 96.872168 119.686490 117.547563 97.960533 105.538527 148.949723 142.209503 167.212037 178.941648 194.007635 183.238857 152.379099 139.498165 137.640565
93.949536 104.601835 133.813243 53.845298 43.851512 50.710439 0.000000 107.095985 29.189763 35.621878 49.481254 51.882948 138.553193 128.907898 103.683797 168.893088 127.351353 101.799522 83.910390 199.724238 118.598791 165.781100 105.004033 123.511784 35.638169 85.173922 83.959088 46.466652 65.897595 57.617623 69.238973 28.052010 53.423907 35.701090 136.611181 132.943454 109.685611 104.819363 112.397357 145.878401 117.131317 125.424313 137.759291 140.769811 177.844166 114.933711 140.665229 100.514981
174.846771 214.609877 208.604437 134.232321 142.688781 89.135093 144.625206 0.000000 152.235014 166.419167 135.535517 171.292059 160.079735 152.811930 180.962012 211.512214 204.629568 193.855762 183.422726 291.104181 184.336080 242.527831 210.084138 99.340403 162.929239 208.829053 199.018358 171.382459 183.658870 132.408817 107.663627 66.476664 161.104578 135.148784 143.393238 166.207560 169.226646 185.669577 143.081154 231.932664 179.752130 230.504418 216.484275 240.217504 272.373949 235.461668 185.977905 192.728083
80.286990 120.050096 131.007721 75.545612 60.670229 92.388233 44.654466 91.028688 0.000000 16.166337 46.954313 22.693185 109.363430 99.718135 74.494034 139.703325 98.161590 72.609759 54.720627 184.636203 110.676151 146.521488 135.848765 142.973810 67.266056 107.204791 114.379062 49.255247 68.686190 64.051592 110.531626 72.706476 24.234143 34.747506 118.810328 134.089021 80.495848 75.629600 83.207594 126.618789 119.878570 151.792684 156.610715 139.816226 148.654403 85.743948 111.475466 118.492710
186.516782 205.818509 114.841384 97.725175 89.663588 118.743712 122.382316 191.755327 125.006929 0.000000 151.830538 137.827919 222.377700 192.597480 199.500963 252.717595 186.888294 185.624029 167.734897 246.790176 205.875194 220.028767 169.162259 227.784636 81.450244 194.181237 131.930232 33.088910 52.519853 103.429699 104.960530 140.758817 124.960782 18.581169 209.194577 231.420035 193.510118 186.643158 194.221152 229.032798 167.630338 135.626347 142.567433 123.649890 238.003644 204.979338 224.489736 180.606291
63.272753 103.035859 125.568795 50.482447 35.607065 72.921113 28.492122 104.112161 16.699496 32.215108 0.000000 39.392681 121.016528 102.241288 69.553373 133.039412 93.220929 64.445047 71.420123 170.747654 69.117537 116.299846 88.894452 143.682432 27.393721 91.837934 80.726682 65.304018 84.734961 49.373175 77.240074 56.544131 37.317616 50.796277 87.129928 109.944249 72.331136 82.960875 90.538868 96.397147 79.717013 109.314732 116.449158 148.108890 141.931195 102.443445 103.310754 71.538397
57.593806 97.356912 162.527098 87.440750 72.565367 109.879416 73.099787 85.315345 53.275039 69.441376 44.607666 0.000000 115.683431 97.987438 101.479352 127.706315 125.146908 59.111950 61.325265 199.061922 113.725203 160.907512 117.208721 142.510829 72.001387 84.511607 109.040951 102.530285 107.685054 86.331478 121.847739 101.151797 54.010878 88.022545 117.079631 120.591212 66.998039 106.198893 113.776887 141.004813 124.324679 135.280170 150.202345 174.074328 155.259042 112.988445 97.977657 99.852666
76.093655 115.856761 151.832228 76.745880 61.870497 82.691745 62.864001 81.332200 85.012913 72.150119 93.471350 107.706097 0.000000 78.877012 101.334425 127.747636 116.263197 131.006863 113.117730 202.737810 149.166133 179.735332 142.773051 120.318156 83.881344 110.075937 134.605281 105.239029 124.140888 75.636608 111.731894 90.916010 14.537656 90.065656 63.765651 86.579973 67.039360 120.689570 128.267564 159.832633 154.900335 160.844500 175.766675 195.134377 173.562186 125.693730 53.134304 125.416996
114.878019 154.641125 175.894187 115.530244 100.654861 121.476109 101.648365 117.178622 94.002208 110.168545 132.255714 116.695393 38.784364 0.000000 53.577006 77.122992 77.244563 117.677571 104.323363 163.719176 98.461474 148.878021 148.664756 52.515632 122.665708 148.860301 140.496986 143.257455 162.688398 99.698567 150.516258 129.700374 53.322020 116.594281 19.092193 38.822554 16.414716 159.473934 126.374827 128.975322 154.262604 169.085036 181.658380 181.567382 174.509370 105.725401 33.165975 131.308702
140.695417 180.458523 228.446124 153.359776 138.484393 136.871137 146.304564 157.946097 161.626809 160.628431 186.099711 171.801893 120.672045 89.351939 0.000000 82.765792 23.667556 64.100564 72.744130 110.142169 82.093005 136.570654 142.186775 101.710167 160.495241 174.677698 143.968563 177.841311 178.284342 152.250504 188.345791 150.822253 91.151552 127.354687 74.240578 66.892730 71.986653 152.594781 110.006358 116.667955 138.191139 162.607055 174.923284 201.401213 124.462929 54.499657 90.698142 138.235475
148.816291 168.647602 213.470541 138.384193 123.508811 144.992011 156.227539 201.131092 185.417302 168.749305 192.489557 180.960833 128.792920 110.586815 45.058564 0.000000 31.788430 72.221439 80.865004 118.263043 90.213879 144.691528 150.307649 146.768731 115.295467 182.798573 123.374063 175.534332 185.347177 137.274921 165.141820 184.279549 136.210117 135.475561 119.299142 53.113381 80.107528 130.965818 118.127232 124.788829 146.312013 170.727929 183.044158 209.522087 132.583803 62.620531 111.087145 145.599528
117.027861 156.790967 208.320410 169.741629 158.768067 113.203581 145.463695 173.204130 168.792302 136.960875 162.432155 149.172403 97.004489 78.798385 56.216068 109.027373 0.000000 40.433008 49.076574 86.474613 58.425449 112.903098 118.519219 131.314017 162.842329 151.010142 133.789811 154.173755 154.616786 160.489944 166.934696 173.515705 111.435226 103.687131 97.890578 75.058246 48.319097 128.927225 86.338801 93.000399 114.523583 138.939499 151.255728 177.733657 100.795373 30.832100 79.298715 127.499536
108.417362 148.180468 208.296790 133.210442 118.335059 139.156307 119.435482 137.796762 128.359293 128.721601 150.042831 148.116862 56.571481 38.875488 42.367402 68.594365 66.034958 0.000000 99.106203 152.509571 57.369907 144.741383 117.463678 91.391120 140.345906 142.399644 138.379728 161.810510 153.561245 132.101170 168.196456 147.487491 71.002218 146.530218 57.967681 61.479261 7.886089 127.871683 85.283260 135.181384 119.113500 137.883958 155.845645 173.038755 152.281788 54.755168 38.865707 132.089453
126.306495 166.069601 159.243836 131.388683 116.513300 137.334549 117.506804 135.975004 130.055077 126.792923 113.355581 152.748262 54.642803 44.997508 60.256535 84.982699 83.924091 17.889133 0.000000 170.253750 75.259040 162.630516 135.352810 97.513140 138.524147 160.288776 147.751638 159.881833 171.450377 130.279411 166.374697 145.558814 69.180459 144.708460 64.089702 79.368394 25.775222 145.760816 103.172393 149.442104 128.485409 155.773090 165.217554 190.927888 93.933777 69.015888 56.754840 141.461362
86.075738 118.690261 180.084674 138.789506 140.103550 165.051024 135.899081 189.893848 124.106456 103.363507 107.406960 104.578502 128.270262 118.624967 103.477407 58.418843 80.621327 90.240666 73.627459 0.000000 27.473325 43.815488 85.785133 135.777067 131.890206 96.374705 77.617363 136.452416 123.664663 127.769526 168.047779 142.392595 142.807918 121.944676 111.103910 111.532223 97.985705 97.975101 55.386678 23.912789 84.145287 106.205413 118.778757 144.999571 14.320760 102.248849 125.624712 68.429079
58.602412 98.365518 152.611349 111.316180 112.630224 149.944273 137.168619 176.062300 120.135223 78.535426 108.676497 90.746954 112.930546 98.741945 96.510350 96.149650 84.682163 76.176875 58.287742 126.427135 0.000000 113.464088 60.093770 118.678436 104.416881 92.584694 81.009821 111.624336 96.191337 126.396335 140.574453 165.220629 127.468201 97.116595 83.630584 106.444906 70.512379 70.501776 27.913353 93.561389 61.743592 80.514050 98.475737 119.308208 139.095438 85.203982 107.400513 74.719546
97.647596 116.775000 192.755860 165.581049 150.705666 188.019715 176.954672 205.121143 149.632206 135.157367 148.462551 126.806594 195.875536 176.799056 142.762998 185.311119 112.633727 153.066735 141.232732 162.057864 89.161469 0.000000 80.204663 138.521419 169.341392 122.863967 70.182842 139.155928 119.068853 164.471777 196.615573 205.006682 173.866350 139.008300 172.792053 187.691972 159.673848 121.818484 117.074822 128.371494 50.916613 91.637967 87.648758 130.432125 173.905542 143.465827 191.932442 62.848608
108.974552 79.029629 139.911306 127.835678 112.960295 130.194092 145.679023 190.953584 110.842877 98.310081 136.393923 105.638239 163.302686 129.642712 103.973669 146.521790 127.641226 126.549015 108.659882 100.299739 50.372140 109.484863 0.000000 169.050576 131.596021 118.620750 28.914115 126.700767 66.224298 126.726406 116.410910 173.731033 135.077021 101.741236 134.002724 156.817046 120.884519 100.519298 78.285493 89.582164 12.127284 20.420280 44.889283 59.214438 107.216066 134.831413 157.772653 25.103237
136.832987 176.596093 201.021243 125.934895 111.059513 114.258817 123.603333 142.071533 144.157337 132.889452 138.667686 166.850522 60.739332 59.164196 81.621609 112.171811 105.289165 133.733700 115.844568 191.763778 152.309871 173.838662 176.709359 0.000000 102.846169 170.815269 168.541589 163.085034 172.897879 124.825623 152.692522 151.655343 75.276988 127.634616 44.052835 66.867157 75.578911 181.428902 180.223223 153.935964 182.307206 197.129639 209.702983 232.703336 199.470012 136.121265 86.891087 159.353304
130.241044 145.533907 98.175074 23.088726 8.213343 45.527392 40.932072 148.028057 70.121835 55.275573 77.194090 92.815019 176.267666 137.483302 139.105570 201.100591 151.244634 141.639136 124.842461 222.107151 140.239465 176.084802 145.936105 164.443855 0.000000 126.105994 96.745884 60.238865 70.051710 21.979454 49.846352 68.984082 94.355978 36.408503 134.558128 157.372450 149.525225 105.192913 112.770907 156.182103 149.441883 114.681625 139.059847 141.477223 201.716151 155.865783 156.805556 141.447053
56.978691 22.315556 139.899263 105.771035 90.895652 116.472128 83.780709 159.400748 71.988084 72.575350 55.288587 94.681268 107.187572 97.542277 112.801303 127.781266 115.720665 70.433901 52.544769 114.550316 51.657556 125.781380 32.697114 150.057909 82.682308 0.000000 24.529344 72.858565 66.212256 104.661763 132.528661 111.832719 92.606204 72.460714 116.634470 131.913163 68.367970 69.668944 72.185357 119.026751 44.824398 50.768563 65.690738 89.562721 128.871075 101.864433 109.299608 15.341059
83.077149 74.001730 143.929574 128.103147 113.227765 150.541813 140.182691 196.531296 128.390066 124.261524 111.690569 111.215950 152.466953 142.821658 146.935233 182.490479 117.656904 115.713283 97.824150 150.815125 92.109130 101.252036 60.271699 169.948261 139.084290 96.588878 0.000000 110.869684 70.242567 126.993875 160.517156 168.234701 149.008185 114.040585 134.900409 157.714730 121.782204 71.605183 79.183177 122.594373 72.398983 80.691979 64.904418 119.486137 135.065603 135.435169 154.578990 85.374936
162.332815 199.039553 93.117950 67.853410 78.904346 116.218395 94.437718 190.054355 123.627481 100.040256 121.958773 104.739009 210.712536 194.434172 191.512147 223.707061 153.799384 163.850959 166.064274 213.701266 191.076310 237.216440 181.431592 217.949502 70.691003 179.611640 167.436887 0.000000 19.430943 92.670457 109.705532 122.489728 143.920092 62.647821 179.322812 202.137134 162.998785 175.883916 183.461910 217.313741 193.558876 185.372628 183.824530 167.716542 228.022026 184.631485 201.570240 186.267695
202.446990 189.453105 73.687007 109.866314 118.717954 104.057771 113.333570 179.803992 142.523333 123.965264 139.174237 165.216518 196.695887 177.911539 190.584510 243.395814 134.368441 174.801450 183.445015 194.270323 192.793890 217.785497 162.000649 230.427171 146.012328 198.507492 176.025036 129.980572 0.000000 132.484064 90.274589 141.385580 165.137056 83.143252 197.003732 209.426687 182.687538 202.018304 209.596298 197.882799 174.127933 175.509923 193.035793 164.418987 208.591083 165.200542 211.077514 166.836752
120.968487 133.601813 76.195620 69.765960 76.473842 77.349513 61.765280 168.861266 90.955043 97.387158 111.246534 113.648228 189.987645 151.203281 165.449077 209.168333 157.365399 140.573968 145.675670 236.973351 146.360230 182.205567 164.509261 185.277064 68.260498 146.939202 145.724368 91.599460 109.344489 0.000000 63.566331 89.817290 115.189187 58.268074 167.747343 190.025836 148.460057 111.313678 118.891672 162.302868 155.562648 182.942124 182.254338 163.336794 207.836916 175.143664 179.439675 162.280262
113.557864 137.215302 124.986885 49.900537 35.025154 13.783182 53.104856 110.962862 82.294619 66.385973 79.885349 104.987803 126.421314 87.636950 141.213956 164.759942 157.795436 119.568447 137.015245 229.450061 146.790267 182.635603 147.596860 140.152582 79.554811 114.899746 137.063944 87.050675 97.295545 48.791265 0.000000 77.456232 74.862467 63.220313 106.729143 126.459504 104.051666 111.743715 119.321709 162.732905 155.992685 141.493436 138.753284 168.289034 197.022038 156.674187 120.802925 130.240805
132.331607 148.791528 142.127773 67.755657 76.212117 22.658429 78.148542 152.149825 85.758350 99.942503 69.058854 104.815395 148.593622 111.138092 138.612227 163.984407 162.279783 132.319903 140.478977 239.806507 138.176391 185.358699 157.953306 163.653724 96.452575 156.086709 149.785536 104.905795 117.182207 65.932153 41.186964 0.000000 94.627915 81.075434 119.530597 142.344919 127.552808 120.618962 128.196956 165.456001 148.775867 178.373586 179.940248 186.144154 205.897286 171.502298 144.304067 140.597251
61.555999 101.319105 137.294572 62.208224 47.332841 68.154089 55.153011 66.794544 70.475257 86.641594 104.634265 93.168441 152.918530 143.577582 128.400168 183.562773 152.067724 116.469207 98.580074 210.088596 141.198466 165.197676 128.235395 118.739667 69.343688 95.538281 120.067625 99.358362 109.603233 61.098952 97.194238 83.205021 0.000000 75.528000 161.263482 113.645715 124.355296 106.151914 113.729908 145.294977 140.362679 146.306844 161.229019 180.596721 190.829025 146.752293 123.534587 110.879340
167.935612 207.698718 107.647678 79.144006 71.082419 100.162543 103.801147 173.174158 106.425760 94.409119 133.249369 129.118945 203.796531 174.016311 180.919794 234.136426 193.592522 167.042860 149.153728 250.880829 187.294025 201.447598 150.581090 225.119280 62.869075 188.975069 155.282469 50.486625 59.224081 84.848529 86.379361 131.853157 106.379613 0.000000 190.613408 212.838866 174.928949 168.061989 175.639983 210.451629 149.049169 171.001370 123.986264 105.068720 243.087504 186.398169 205.908567 162.025122
112.118411 151.881517 191.005548 130.641604 115.766221 136.587470 116.759725 98.086428 109.113569 125.279906 147.367075 131.806753 53.895725 15.111361 37.568774 77.475063 61.236330 101.669338 88.315131 147.710943 108.257035 129.785827 132.656524 56.552505 119.614124 146.100693 124.488754 126.462377 145.893319 114.809928 165.627618 144.811735 68.433380 131.705642 0.000000 22.814322 31.526076 174.585295 136.170388 109.883129 138.254371 153.076804 165.650148 191.870962 155.417177 92.068430 42.838252 115.300469
155.449869 146.412539 224.037976 168.114228 153.238846 151.625589 161.059016 162.852549 176.381261 165.692991 178.856390 186.556346 120.143612 104.106391 14.754452 97.520245 38.422008 78.855017 65.500809 124.896621 96.847457 151.325106 109.842202 116.464619 175.249693 186.003660 101.674432 192.595764 171.916999 149.177794 203.100243 165.576705 105.906005 142.109139 88.995030 0.000000 86.741105 167.349233 124.760810 131.422407 115.440050 130.262482 142.835826 169.056640 139.217381 69.254109 105.452594 92.486147
180.011036 219.774141 271.303585 198.133836 183.258453 176.186756 191.078624 202.720157 206.400869 199.944050 225.415330 212.155578 159.987664 126.119076 44.774060 60.708276 62.983175 103.416183 112.059749 149.457788 121.408623 175.886272 176.590346 146.484227 176.003743 213.993317 184.082339 217.156930 200.592659 197.024564 225.850096 195.596313 135.925612 166.670305 111.007716 87.526367 0.000000 191.674094 149.321976 155.983574 177.506757 197.010626 205.464548 165.152666 163.778547 93.815275 135.472202 180.012514
39.343611 79.106717 149.542986 98.763519 116.274681 131.440926 97.798760 161.381654 97.367113 85.751812 80.667616 89.436122 97.189405 78.406586 75.330050 110.885296 46.051721 58.352602 42.546602 125.659673 35.046552 70.891888 74.580978 98.343078 108.061337 73.325893 63.515198 118.840722 75.855978 130.040792 117.657745 125.850770 111.727061 99.736425 63.295226 86.109547 50.177020 0.000000 7.577994 50.989190 44.248970 95.001258 80.981115 108.637758 96.523238 63.829986 92.194485 57.224923
31.765617 71.528723 141.964992 91.185525 116.370209 153.684258 109.255266 153.803660 97.462641 78.173818 80.763144 88.569767 94.984376 70.828592 87.373086 103.307302 88.640144 50.774608 40.341572 148.856185 41.254926 99.446677 67.002984 90.765084 108.156866 65.747899 55.937204 111.262728 68.277985 130.136320 153.934479 137.307276 109.522032 92.158431 55.717232 78.531553 42.599026 42.588423 0.000000 93.577613 36.670976 87.423264 73.403121 101.059764 134.275349 105.529776 89.640315 49.646929
117.550295 98.442681 176.068118 147.248730 132.373347 141.138235 165.092075 189.886305 157.845999 117.723133 149.178626 104.570960 178.284633 146.667832 95.491795 93.942280 94.917818 135.350826 123.641829 74.670483 65.354087 19.902699 61.872344 158.424118 130.580020 98.203053 53.704574 148.985690 123.947141 146.139458 159.666770 118.479806 158.581838 136.304302 148.984671 147.055660 135.866466 125.309757 93.267440 0.000000 60.232498 82.292624 94.865968 121.086782 45.534048 125.749918 164.022864 44.516289
96.847268 66.902345 141.839247 115.708394 100.833011 138.147060 133.551739 185.086436 98.715593 86.182797 124.266639 121.408778 151.175401 136.986801 91.846385 134.394505 115.513941 114.421731 96.532598 112.185209 38.244856 97.357579 30.332008 156.923292 119.468737 106.493466 19.266229 114.573483 68.152239 114.599122 146.742919 161.603749 122.949737 89.613952 121.875440 144.689762 108.757235 90.871412 66.158209 77.454880 0.000000 50.752288 36.732145 89.546446 122.988928 123.448838 145.645369 12.975953
152.851470 100.119634 147.921158 170.793789 155.918406 178.291921 133.555798 212.588003 147.091478 150.379429 156.109717 169.784663 198.851630 160.067266 174.620992 150.785528 168.677864 170.012027 152.122894 178.669636 121.019462 135.173036 84.306527 201.508410 169.193967 139.710755 89.007907 150.662643 74.234151 169.684517 164.508740 161.607808 164.898385 157.377403 144.955905 167.770227 167.441737 154.593310 148.932815 141.957899 82.774607 0.000000 64.233712 38.794158 102.377297 190.305386 183.804419 95.750560
95.283139 99.973509 105.107102 139.999921 125.124539 135.477865 120.368126 148.354291 108.575501 124.091112 91.876005 131.268686 187.549003 164.878494 139.209452 124.401453 136.411319 148.712200 132.906200 135.535522 85.607922 106.368064 35.235782 139.110405 116.911195 101.349201 64.149897 130.344186 31.420094 117.313601 121.694683 148.420136 129.193621 114.563347 153.654823 176.469145 140.536618 90.359598 97.937592 86.465366 47.363067 55.656062 0.000000 90.568617 131.999414 154.189584 179.402293 60.339020
133.290898 110.882794 109.127000 131.999631 117.124248 139.497763 148.773563 188.666172 108.297320 119.498888 132.187886 130.990505 195.155850 175.155081 135.826834 164.713334 159.494390 158.402179 140.513047 145.812108 82.225305 96.378878 45.512369 179.422286 141.075910 109.105123 50.213749 123.078098 35.439993 130.890359 125.714582 176.825572 132.531464 118.583245 165.855889 188.670211 152.737684 121.818932 110.138657 121.435329 43.980449 65.932649 40.311881 0.000000 152.728435 167.429286 145.010261 56.956402
161.206589 108.474753 252.135712 186.792425 171.917042 179.504149 194.331168 239.504698 168.888673 158.734547 165.839046 181.185011 163.305057 145.098953 93.466796 48.408232 66.300568 106.733576 115.377142 120.713114 112.224192 82.742057 153.963176 121.456308 163.703699 121.266062 145.795406 159.017762 178.448705 185.683153 213.550051 222.383178 177.735794 168.659376 164.191146 101.521612 114.619665 131.926916 139.504910 144.625904 133.658670 172.034625 170.390815 210.828783 0.000000 87.928090 145.599283 136.607122
104.089158 139.638075 214.288533 163.509066 151.659988 165.342033 114.631594 171.121691 143.821357 150.253472 153.086685 160.893308 102.740478 117.104458 96.375786 105.569202 62.998766 98.570126 112.075340 101.237862 78.524487 100.328915 138.618257 163.088624 150.269763 132.760367 128.260745 161.098247 140.601525 165.426099 183.870568 142.683604 104.327147 150.332685 128.040772 88.420907 83.808400 114.911964 72.323541 80.426216 108.994517 159.038537 145.726662 173.383304 115.558621 0.000000 137.435833 121.970470
176.648584 212.197501 255.458497 208.076693 193.201310 176.332473 187.191020 191.888138 188.420581 200.089767 219.571607 211.113765 133.202736 94.418372 58.679116 74.613332 63.128892 103.561901 106.216026 149.603505 121.554341 172.888340 181.648111 82.141797 184.987967 205.319793 196.918704 217.302648 181.771490 194.116940 230.063588 209.501369 147.740392 166.816023 93.801709 101.431423 13.905056 187.471390 144.882967 152.985642 177.652475 202.068391 214.384620 179.057722 163.924265 72.559426 0.000000 190.628428
92.265434 53.926392 131.551828 102.732440 87.857058 125.171107 120.575786 198.248408 114.340312 73.206844 111.290686 112.933063 146.973685 137.328390 121.329724 149.116225 112.772275 110.220015 92.330882 99.209256 52.966575 110.440321 17.356055 162.138986 106.492784 93.517513 9.188285 104.469401 79.430851 101.623168 133.766965 148.627796 138.574456 91.788013 136.597160 159.411481 118.106104 80.793468 80.879928 106.938219 29.483339 37.776335 50.349679 76.570493 113.530016 138.170557 149.085721 0.000000
DEMAND_SECTION
1  0
2  9
3  6
4  8
5  9
6  7
7  4
8  8
9  3
10  3
11  1
12  5
13  6
14  3
15  9
16  1
17  3
18  3
19  1
20  7
21  5
22  6
23  5
24  9
25  5
26  5
27  10
28  2
29  4
30  2
31  5
32  1
33  8
34  2
35  2
36  1
37  8
38  3
39  5
40  1
41  5
42  10
43  6
44  1
45  10
46  4
47  4
48  5
DEPOT_SECTION
1
-1
EOF
