NAME: ftv55
TYPE : ACVRP
COMMENT : COMMENT: Asymmetric TSP (Fischetti) with demands added, capacity=50, HP (asym_scale=1.0)
DIMENSION: 56
EDGE_WEIGHT_TYPE : EXPLICIT
EDGE_WEIGHT_FORMAT : FULL_MATRIX
CAPACITY : 50
EDGE_WEIGHT_SECTION
0.000000 49.033378 40.146778 68.250192 79.946234 139.322637 107.708200 116.970622 97.556839 126.929359 93.889414 135.847208 83.114189 81.572684 77.181670 92.857137 92.133968 81.385008 117.284788 108.102491 84.904373 90.405920 108.068002 131.365919 62.621273 54.530657 53.712911 110.064474 141.275691 99.675207 131.173751 61.375843 88.923209 20.692498 54.422347 145.877152 125.304682 155.427200 114.928577 102.060038 94.930761 135.129357 74.636756 129.131915 132.274718 97.261807 74.498449 111.891522 80.385173 94.887237 117.049308 102.272564 59.203577 152.442831 96.603945 59.006772
67.969530 0.000000 18.927941 22.412065 60.650564 103.335081 58.674822 69.389341 98.318564 133.183256 80.905933 115.739712 96.001016 34.534430 81.792590 85.600545 78.324866 64.584204 107.928260 141.937267 102.564772 102.133665 121.251427 143.093664 80.281671 67.714082 59.513845 115.865408 117.320144 102.725916 159.916950 55.247360 95.177105 63.151942 55.827054 103.127866 120.154220 143.774916 111.894411 99.628554 112.591160 144.105610 92.297155 125.330321 143.229234 126.005006 72.411120 105.399467 60.149764 110.306909 128.777053 74.862415 74.623250 123.205056 114.264344 57.669727
49.041589 72.564883 0.000000 94.976947 110.979206 99.175858 122.249198 101.110166 98.208916 131.853746 79.576423 128.836871 86.278933 41.425906 62.996483 66.672605 59.396925 45.656264 89.000319 123.009327 83.636831 94.913794 112.575876 127.236392 61.353731 59.038531 57.982180 110.004991 128.373980 100.873268 142.971020 79.771358 93.847595 44.224002 49.158825 120.780987 118.824710 133.465093 92.966470 96.872656 93.663219 133.861816 73.369214 127.871736 127.746383 109.059076 96.935117 86.471527 73.826124 93.627058 116.519313 87.959573 57.943398 139.541121 95.336403 38.741787
124.924315 76.974604 75.882726 0.000000 42.506845 91.744166 60.931152 91.578448 96.942957 135.278335 83.001012 132.261460 103.263113 111.509035 111.422269 120.621123 112.939788 121.538989 164.883045 149.893503 159.519557 159.846867 177.508949 140.802849 137.236457 123.971604 115.771367 107.039547 94.908079 80.313851 138.430159 83.984045 97.272184 93.979066 73.145954 128.961506 122.249299 125.631197 129.018841 116.150302 169.545945 208.429637 149.251940 129.066112 147.406041 115.178677 101.147804 115.613665 37.737699 119.496076 184.887138 91.384162 129.313122 106.075220 146.107206 62.728915
98.439512 147.472890 138.586290 134.395655 0.000000 80.128085 54.874154 49.071603 67.051912 101.815829 70.303767 101.379887 90.565868 105.293215 81.058052 111.092975 120.819263 122.668350 179.714485 151.781045 149.562503 139.071752 156.733834 180.031751 131.011095 103.196489 94.996253 151.347816 172.314035 152.553369 187.531879 147.797388 63.809678 119.132009 138.880440 86.454661 109.552054 83.124352 112.673948 99.805409 159.588891 185.099454 143.026578 124.052572 174.531409 153.619935 164.961147 145.295144 130.817550 122.489937 165.715140 78.686917 86.806277 183.481176 152.181267 136.602610
150.422636 122.959496 133.072550 120.392228 64.216763 0.000000 40.569547 75.988606 104.917829 140.071056 122.002294 134.068482 136.426962 144.780605 120.545443 150.580366 159.423847 145.683185 211.474644 184.469640 178.595376 191.054876 206.529822 202.217533 182.994219 155.179613 146.979376 162.747133 167.220816 136.021437 163.792670 79.578694 102.064906 158.041115 120.025902 113.371665 159.459018 147.341116 148.087037 136.695570 188.621764 212.220031 167.382693 179.958575 158.219844 129.880726 96.742453 65.167059 98.588024 145.713897 210.532792 116.728140 138.789401 178.387957 201.814792 109.608864
133.951038 167.281159 165.441636 153.006073 42.017435 51.526375 0.000000 88.390628 83.388237 120.375389 112.321203 142.170882 127.928478 123.148395 98.913232 126.129980 118.854300 105.113639 219.426463 192.572040 187.046049 179.125573 196.787656 186.693767 164.762948 143.250310 135.050074 179.323597 170.444633 187.547812 166.545745 131.105069 105.827113 154.643535 145.135331 75.618455 137.929427 125.141788 152.423845 141.822844 197.072437 225.153276 176.778432 166.070007 161.443661 155.885924 148.268828 94.816342 150.114399 162.543758 205.768961 120.704353 126.860098 181.611774 192.235088 134.718293
74.434029 119.594592 114.580807 139.798234 40.411100 120.539185 89.036252 0.000000 28.929223 64.082450 46.013688 58.079876 60.438356 68.791999 44.556836 74.591759 84.318047 96.441038 136.409293 108.481034 119.666967 115.066270 130.541216 146.604572 107.005612 79.191007 70.990770 124.967201 163.707131 128.547887 163.526396 123.791905 26.076299 95.126527 123.014166 37.383058 83.470412 102.533296 72.098431 60.706964 129.693355 154.053481 119.021095 132.729133 154.706159 129.614452 140.955665 138.444167 142.801236 98.484454 141.709658 40.739533 62.800795 174.874272 128.175785 112.597128
98.597797 147.631176 138.744576 166.847989 69.456659 99.165808 99.768424 29.045559 0.000000 69.947438 75.059247 87.125434 89.483915 96.927766 73.602395 100.167125 92.891446 79.150784 165.454852 137.526592 146.792657 132.570214 150.232297 160.730912 124.509557 96.694951 100.036329 154.012760 173.266811 151.853842 192.571955 152.837464 54.248660 119.290295 152.059725 66.428617 54.541189 105.498223 101.143990 89.752523 156.819045 181.152984 136.525040 161.774691 183.751718 158.660011 170.001224 164.332866 171.846794 127.530013 159.213602 69.785092 91.846353 184.433952 157.221343 141.642687
101.345654 136.452724 141.492432 153.261368 92.329196 112.323452 114.555970 70.807298 41.761739 0.000000 34.959121 67.387718 55.221222 76.534533 61.414968 91.449891 101.176179 108.349585 135.811234 117.788876 128.974809 141.977894 159.639976 141.973785 126.584470 106.102631 97.902394 128.150140 177.048004 155.459511 180.125376 134.735008 49.230293 122.038151 135.312541 100.431550 47.493833 38.450846 79.011540 66.143001 139.001197 160.204902 138.599953 149.639369 168.047032 156.526077 151.898767 127.389601 131.457164 125.396079 168.621282 41.376861 89.712419 188.215145 113.481552 124.895502
68.351942 103.459013 108.498721 125.871077 59.335485 108.125377 79.596849 38.878596 22.904802 52.277323 0.000000 49.260448 20.262101 41.575411 28.421257 58.456180 68.182468 73.390464 113.058366 99.661606 110.847539 108.984183 126.646265 148.753922 94.270973 73.108920 64.908683 108.391472 157.625045 122.465800 147.131665 101.741297 14.271172 89.044440 100.353420 67.437839 39.248287 75.397274 46.017829 33.149290 119.536578 141.492892 106.286457 126.647046 148.624072 123.532366 118.905056 92.430480 120.750627 92.402368 134.437311 8.383150 56.718708 168.792185 121.966368 89.936381
93.767607 128.874678 133.914386 151.286742 84.751150 131.120294 105.012514 64.294260 48.320467 73.119521 25.415665 0.000000 45.677766 42.152692 53.836922 83.871845 93.598133 98.806128 80.659245 50.401158 61.587091 109.012438 120.837136 143.522841 105.060302 90.298205 82.097969 133.807137 174.814330 147.881465 145.261698 127.156962 39.686837 114.460105 125.769084 92.853504 64.663952 54.517177 14.018555 58.564954 71.613479 95.973606 87.510007 152.062711 165.813358 148.589130 144.320721 117.846144 146.166292 117.818033 129.206230 33.798815 82.134373 185.981471 139.042974 115.352046
70.417021 107.982051 94.798364 130.394116 72.885450 110.994656 107.573483 66.855230 50.881436 80.253957 27.976634 62.810413 0.000000 22.027053 32.944296 38.484740 48.211028 53.128363 98.854926 108.676656 114.449043 113.507222 131.169304 134.708491 92.165943 77.631958 69.431722 112.288634 147.244390 119.264932 157.197647 110.703851 42.247806 91.109518 80.091319 80.987804 67.224921 72.313011 31.814389 18.945849 105.333138 145.531734 104.181426 131.170085 153.147111 123.285703 127.867611 120.407113 112.412519 96.925406 140.150610 21.933115 61.241746 158.411531 126.148615 69.674280
134.118289 179.278851 174.265067 199.482494 69.553300 88.967603 119.188326 59.684260 88.613482 123.766709 105.697947 117.764135 120.122616 0.000000 104.241096 134.276019 144.002307 156.125298 196.093553 168.165293 179.351227 174.750529 190.225475 206.288832 166.689872 138.875266 130.675030 171.998779 208.727339 188.232146 223.210656 168.546297 85.760559 154.810786 182.698426 79.355081 143.154672 152.677653 131.782690 120.391224 189.377615 213.737741 178.705355 192.413392 211.895671 189.298712 185.710056 154.134662 187.555627 158.168714 201.393917 100.423793 122.485054 219.894479 157.330191 172.281388
39.930685 75.037756 80.077464 97.449820 82.540684 113.202766 117.228717 76.510463 60.536669 89.909190 37.631867 72.465646 29.015246 24.235163 0.000000 30.034923 39.761211 51.884202 120.513231 122.866804 88.132816 80.562926 98.225008 121.522925 65.849716 44.687663 36.487426 80.410365 129.203788 94.044543 129.023052 89.288562 51.903039 60.623183 88.510823 84.086089 76.880154 95.383972 60.829635 47.961096 98.159204 126.590628 77.865199 98.225789 120.202815 95.111109 106.452321 130.062347 108.297892 63.981111 107.206314 31.588349 28.297451 140.370928 93.545111 78.093784
34.131595 83.164973 56.313624 102.381786 92.002086 140.594839 126.690118 85.971865 69.998071 99.370592 47.093269 81.927048 29.600183 51.627236 43.646220 0.000000 9.726288 21.921639 114.105346 116.189161 92.439269 95.933574 113.595656 103.501767 70.156169 60.058311 51.858074 73.803895 116.037666 80.780192 144.393700 90.210059 61.364441 54.824092 88.553942 98.627671 86.341556 87.563431 47.064809 48.546033 102.465657 141.961276 82.171652 113.596437 135.573463 110.481756 107.373818 139.523749 109.219389 79.351758 122.576962 41.049751 43.668099 127.204807 104.138841 93.138367
40.342941 89.376320 46.587336 108.593133 82.275798 131.065689 116.963830 76.245577 60.271783 89.644304 37.366981 72.200760 31.281111 53.308164 33.919932 7.681334 0.000000 12.195351 104.379058 106.462873 83.237158 86.207286 103.869368 93.775479 60.954057 50.332023 42.131786 81.485229 106.311378 71.053904 134.667412 94.932921 51.638153 61.035439 93.462431 90.378151 76.615268 77.837143 37.338521 50.226961 93.263546 132.234988 72.969541 103.870149 125.847175 100.755468 112.096681 129.797461 113.942252 69.625470 112.850674 31.323463 33.941811 117.478519 94.936730 83.738144
28.837399 77.870778 60.327998 97.087591 88.597404 140.073600 125.969130 85.250876 69.277082 98.649603 46.372280 85.941422 40.622669 51.105997 26.870835 21.016341 13.740662 0.000000 114.350744 120.203535 84.502685 74.011935 91.674017 81.580128 64.248305 38.136672 29.936435 86.287998 94.116027 84.794566 122.472061 82.737570 60.643452 49.529897 81.959832 94.870838 85.620567 87.808829 47.310207 51.216393 94.529073 120.039637 76.263788 91.674798 113.651824 88.560117 99.901330 124.427543 101.746901 57.430119 100.655323 45.064124 21.746460 105.283168 87.121450 71.542793
93.682524 128.789594 133.829303 151.201659 129.887200 166.954604 150.148564 96.591236 88.195813 103.219058 70.551715 62.813328 82.767085 77.987002 53.751839 83.786762 93.513050 105.636041 0.000000 38.242034 49.427968 75.263346 108.103760 87.753645 119.601555 98.439502 90.239265 123.537615 172.006383 147.796382 174.520376 143.040400 79.562183 114.375022 142.262662 97.327123 109.800002 84.616715 44.118092 31.249553 59.454356 99.652952 75.350884 145.026844 163.434507 148.862947 126.747441 162.982195 162.049731 117.732950 73.437034 78.934865 82.049290 183.173524 108.869027 131.845623
123.940611 159.047682 152.784472 171.857054 124.916845 165.257425 145.178209 87.899740 88.486161 94.527562 65.581360 93.071415 85.843460 106.504597 84.009926 114.044849 123.771137 131.178108 30.258087 0.000000 11.185933 74.449750 70.435978 94.575559 105.328333 95.469192 103.506010 104.526215 133.764349 137.484427 177.286428 167.322657 79.852532 143.509007 139.831392 119.691084 104.829646 75.925219 35.426596 22.558057 21.212321 61.410918 37.108849 141.006873 162.620911 151.020475 157.005528 158.011839 150.052850 119.890477 80.258948 73.964510 112.307377 144.931489 108.055430 129.414354
142.938872 178.045942 183.085650 196.814606 133.922414 182.712306 168.610447 124.382844 111.918400 131.010666 89.013598 96.077139 109.275699 122.665296 103.008187 133.043110 142.769398 154.892388 64.174287 55.140065 0.000000 63.263817 59.250045 83.389626 94.142400 84.283259 139.495613 93.340282 122.578416 126.298493 166.100495 176.328226 103.284770 163.631369 175.144251 142.024768 128.261885 112.408323 71.909700 59.041161 10.026388 50.224985 25.922916 133.027315 151.434978 139.834541 178.304152 162.532978 188.493841 108.704544 69.073015 82.970080 131.305637 133.745556 96.869497 165.897458
131.507299 156.649652 147.805968 151.748593 165.250915 197.327619 181.090846 164.239980 148.266186 177.638707 125.361384 174.621832 145.623485 166.936796 153.782641 148.792418 141.111083 136.563275 121.289810 104.324402 84.848822 0.000000 32.840414 40.959999 79.011943 103.413030 122.283541 48.274269 97.172133 86.826025 123.814515 140.152012 139.632556 143.541162 113.256886 178.740912 164.609671 180.249621 139.750998 126.882459 64.602279 48.582770 61.035025 69.763498 88.171161 89.902571 151.659047 166.449273 145.578086 58.772573 26.643388 133.744534 119.874064 108.339274 33.605681 113.564523
134.872816 183.906194 175.019594 189.550367 186.176714 218.253417 218.892621 186.251162 182.948386 192.878984 160.043584 167.107125 171.327027 179.278577 162.208800 170.573783 172.539118 159.101654 108.456961 98.351422 71.029986 37.801774 0.000000 61.885798 99.937742 124.338828 131.429557 86.076043 134.973908 124.627800 148.652528 177.953787 174.314756 155.565313 151.058660 159.664796 199.291871 174.276641 133.778018 120.909479 75.215178 35.054490 96.952902 107.565272 125.972935 126.123471 187.879947 204.251047 173.323347 96.574348 47.569187 154.000065 123.239581 146.141048 71.407455 151.366297
120.607518 142.572279 141.456216 141.043687 124.290916 204.419001 170.385941 141.516878 125.543084 154.915605 102.638282 143.143138 122.900383 144.213694 131.059540 142.442666 134.761332 125.858369 80.329811 99.707540 60.335044 42.359357 75.199771 0.000000 38.051944 62.453030 107.863838 37.569363 90.822382 76.121120 117.464763 127.968571 116.909455 128.828052 106.907134 170.076121 141.886569 152.673275 112.174653 99.306114 70.361432 75.577869 50.067427 63.413746 81.821409 83.552820 145.132331 167.523285 139.228335 52.422822 69.002745 111.021433 113.524313 101.989522 27.255929 114.638535
131.884290 111.755399 130.683339 134.167463 123.921823 172.711715 144.183188 103.464934 87.491140 116.863661 64.586338 113.846786 84.848439 106.161750 93.007595 123.042519 132.768807 136.940266 54.663515 61.655596 22.283100 43.234400 76.074813 69.482193 0.000000 70.375826 122.660533 48.651261 91.800680 87.203017 84.222677 140.529004 78.857510 143.918154 113.633877 132.024177 103.834625 114.621331 74.122709 61.254170 32.309488 72.508085 12.015483 70.140490 82.799707 74.180099 109.428572 157.016818 145.955078 59.149565 55.165582 72.969488 120.251056 102.967820 33.982672 121.365278
142.036962 139.570004 158.497945 161.982069 151.736429 200.526321 171.997793 131.279539 115.305746 144.678266 92.400944 141.661391 112.663045 126.341439 102.106276 132.141200 141.867488 153.990478 82.478121 89.470201 50.097706 35.875263 53.537345 76.835262 27.814606 0.000000 138.593703 76.465866 119.615285 115.017622 112.037282 168.343609 106.672116 162.729459 141.448483 159.838783 131.649231 142.435937 101.937314 89.068775 60.124094 84.458033 39.830089 97.955095 110.614313 101.994704 137.243177 184.831423 173.769683 86.005172 62.518651 100.784094 130.403727 130.782426 61.797278 148.220886
26.609751 68.343878 59.050360 90.755943 106.555985 158.226219 127.018700 110.123635 86.228101 120.082372 74.044378 112.525919 63.196850 71.148401 54.542932 39.144227 41.412759 27.672098 90.678357 97.670438 54.566250 44.075500 61.737582 85.035499 36.014842 8.200237 0.000000 56.351563 92.716361 80.856496 100.403105 64.932193 82.076221 40.002997 73.732847 92.164241 113.292665 115.480927 74.982304 78.888490 64.592638 92.658269 48.030325 85.037743 83.715389 66.491161 75.845271 109.766982 83.941524 50.793064 70.718888 71.648621 15.109405 103.883502 57.185015 64.905738
97.486820 120.665104 104.397656 103.474324 137.638302 184.342953 132.816577 132.041742 116.067948 145.440469 93.163147 142.423594 113.425247 134.738558 115.159840 105.384106 97.702772 88.289006 99.863575 132.373386 93.000890 86.697216 85.164831 45.068117 70.717790 65.722123 74.009273 0.000000 78.705994 38.551756 80.406204 91.877743 107.434319 95.266893 81.803969 160.600985 132.411433 163.300058 122.801435 126.312436 103.027278 120.219321 82.733273 49.608940 81.507171 46.494260 108.250736 130.464725 110.887074 15.364262 105.201642 101.546297 85.853585 89.873135 67.729388 77.579975
65.898477 114.931855 106.045255 112.358884 139.550235 186.420895 143.385292 143.646540 127.672746 140.629815 104.767944 154.028392 102.352688 110.304238 103.182005 101.599444 103.564779 90.127315 114.828637 149.185479 109.812983 96.667034 101.911044 91.717136 87.529883 61.928116 62.455218 65.092590 0.000000 50.156554 43.522079 103.482541 119.039116 86.590974 87.620583 154.619459 144.016231 111.937626 133.312820 121.298538 119.839371 121.632670 99.545366 34.158033 55.283509 20.270597 64.337134 128.032469 105.195888 32.110475 123.310422 113.151094 54.265242 11.167141 111.983271 77.203545
62.067267 95.868294 94.507877 94.139521 99.086546 162.736767 128.860733 93.489986 77.516192 106.888713 54.611390 103.871838 74.873491 96.186802 83.032647 74.601743 76.870276 63.129614 116.947683 126.987212 87.614717 79.533016 97.195098 66.196096 65.331616 43.657753 35.457516 26.725696 72.094524 0.000000 84.294955 53.325987 68.882562 75.460514 64.252291 122.049229 93.859677 130.008665 100.629219 87.760680 97.641105 128.115786 77.347100 72.037857 67.092190 50.383012 70.489746 104.833087 72.335317 39.182225 106.176404 62.994540 50.566921 83.261664 65.793355 67.434093
82.196260 89.414878 108.342819 98.765233 123.162175 155.547100 129.791641 142.051298 142.552908 171.925428 142.670082 190.667782 145.349029 98.434117 131.597195 125.742701 118.467022 104.726360 188.979865 182.171995 162.695132 148.472689 165.216316 108.650054 140.412032 112.597426 110.804764 105.087396 160.660922 90.022466 0.000000 79.394221 133.919278 94.762001 56.746788 177.789198 181.918369 192.535189 152.036567 155.942753 172.721520 184.227924 131.394298 133.959605 151.659950 116.647039 50.743483 99.214499 89.067988 99.714927 174.544397 149.790484 125.914169 171.828063 131.401267 46.329749
102.535446 69.462339 53.493856 40.813534 45.760559 125.888644 75.534746 94.832162 101.887594 131.260114 111.054133 147.140446 128.833186 94.919762 116.490339 103.518198 97.552075 99.150120 142.494176 154.156747 99.016682 132.619326 135.935773 122.638839 114.847587 100.100496 91.900259 83.168439 109.032599 56.442743 116.186839 0.000000 93.253964 78.462422 40.447209 132.215220 143.951794 128.884911 134.890596 139.519966 109.043070 132.641337 104.825260 100.379882 123.534933 97.265201 17.163759 51.507100 19.009330 66.135203 147.975359 119.437283 106.447457 119.873501 122.236098 30.030170
102.481443 147.642005 142.628221 113.865344 68.458513 107.799437 108.402054 28.047414 8.633630 38.006151 63.272839 86.127289 79.753160 58.582665 72.604250 102.639173 101.525076 87.784414 161.904537 136.528447 147.714381 141.203844 158.588629 169.364542 133.143187 105.328581 99.038184 153.014615 181.900441 156.595300 191.573810 150.587468 0.000000 123.173940 144.451953 65.430472 63.174819 76.456997 94.863999 81.995460 157.740769 182.100895 138.509674 153.310342 182.753573 157.661866 167.751227 155.703319 151.603043 126.531868 167.847232 57.229321 90.848208 193.067582 151.487702 134.034915
50.144314 28.340881 19.454281 50.752945 86.443904 118.630139 87.015703 96.278125 76.864341 106.236862 73.196916 122.457364 62.421691 60.880187 56.489172 79.122805 71.441470 65.110544 108.454600 87.409993 97.671955 87.181205 104.843287 128.141204 79.120547 51.305942 43.105705 99.457268 124.608876 78.982709 139.236681 40.683345 68.230711 0.000000 33.729849 131.468747 104.711336 134.734702 94.236080 81.367541 98.189404 135.763974 91.136030 108.439417 115.607904 105.324737 54.547255 91.199024 59.692675 74.194739 113.824593 81.580066 38.511079 135.776017 100.290720 38.314274
100.446566 55.220647 55.921578 54.125405 76.373091 140.372991 88.846616 85.304510 85.806120 115.178640 85.923294 135.183742 102.048563 89.755077 101.695913 72.448379 82.174667 74.825078 144.921897 171.648192 128.544004 118.053254 135.715336 142.328512 109.992596 82.177990 73.977754 97.260395 129.990055 87.055276 119.888115 30.612532 77.172490 100.145579 0.000000 122.687568 125.171581 153.629487 119.513188 119.072584 138.570392 163.253869 122.008079 130.992414 120.989083 85.976172 47.776292 76.923059 32.321200 96.747736 144.696642 94.306444 89.087158 141.157196 131.162769 60.642703
139.774188 149.120563 140.233963 146.994503 41.334676 121.462762 96.208830 90.406280 82.690102 109.015556 92.315983 134.041767 107.515330 129.542383 120.737241 146.000070 155.726358 160.643693 204.005250 184.442925 183.893605 180.406429 198.068511 221.366428 172.345771 144.531165 136.330929 192.682492 200.824053 193.888045 228.866555 161.463027 105.144354 120.779682 145.954304 0.000000 93.609307 97.925781 136.964713 125.465273 193.919993 226.434131 184.361254 152.562590 203.041427 194.954611 175.326937 184.746463 172.152226 163.824613 207.049817 100.699133 128.140953 211.991194 193.515944 143.011493
107.994682 143.101752 148.141460 165.513817 62.803576 127.729701 117.677730 48.468681 34.972768 15.406249 50.365370 40.432460 70.627470 82.585151 68.063997 98.098920 107.825208 114.123552 121.091705 90.833618 102.019551 148.626922 161.269596 157.380034 133.913713 112.751659 104.551423 143.556389 192.454253 162.108539 185.694158 141.384036 64.636542 128.687179 150.718789 85.851739 0.000000 50.957034 54.451015 72.792029 112.045939 136.406065 127.942467 165.045618 183.453281 163.175105 158.547796 142.795849 146.863412 132.045107 169.638690 48.025889 96.361447 203.621394 128.887800 140.301751
125.833955 160.941025 150.502760 181.953556 95.512615 141.015641 137.078862 55.101515 67.346070 28.692188 57.482012 95.732780 77.744113 76.611174 85.903270 111.596758 103.915424 116.110775 164.503423 146.133938 157.319871 151.973765 169.635847 149.828728 143.913107 116.098501 107.898265 156.842329 197.797098 174.969328 187.695158 159.223309 71.753184 146.526452 157.835432 92.484573 60.531945 0.000000 103.499841 90.631302 167.346259 188.897090 155.928590 178.331558 188.796126 153.783215 176.387069 149.912492 160.149352 149.884380 178.617153 65.865162 114.200720 208.964239 142.173740 147.418393
94.689165 136.423292 127.129774 158.835356 92.884243 129.830829 117.676156 52.473143 57.487425 59.100966 38.079306 58.005496 58.341407 71.078001 66.500563 96.535487 106.261775 95.751511 67.040537 76.862268 88.048201 97.157568 129.816996 138.117567 104.094256 76.279650 68.079414 124.430977 160.795775 148.935910 168.482518 133.011607 52.350478 108.082411 129.253330 89.856202 77.327593 40.498622 0.000000 71.228596 98.074589 138.273186 113.971117 153.117156 151.794803 134.570575 143.924685 130.509786 152.020937 118.872478 123.800956 46.462456 83.188818 171.962916 125.264428 128.015687
107.557704 146.482315 139.998313 168.894380 102.358787 142.699368 122.620152 65.341682 65.928104 71.969505 43.023302 70.874035 63.285403 83.946540 71.444560 101.479483 111.205771 108.620050 79.909076 89.730807 100.916740 110.026107 132.261973 150.986106 116.962795 89.148189 80.947953 137.299516 173.664314 161.804449 181.351058 144.764599 57.294474 120.950950 117.273335 102.724741 82.271589 53.367161 12.868539 0.000000 86.387288 126.585885 126.839656 165.985695 164.663342 147.439114 156.793224 135.453782 149.594536 131.741017 136.669495 51.406452 96.057357 184.831455 138.132967 106.856297
137.419763 186.453141 177.566541 197.660741 154.168957 202.958849 188.856990 115.294370 131.131319 139.641239 109.260141 116.323682 129.522241 138.501503 114.266340 144.301263 154.027552 161.648601 60.514501 45.113677 20.246543 53.237429 49.223657 87.747832 84.116012 101.895166 133.976504 101.511698 112.552027 140.063454 156.074107 186.777639 123.531313 158.112260 166.494314 152.677428 148.508428 121.038896 80.540273 67.671734 0.000000 40.198596 46.169459 123.000927 141.408589 132.822625 168.277763 152.506590 178.467453 112.010002 73.431221 103.216622 125.786528 123.719168 86.843109 157.102480
144.546131 159.989013 160.844800 157.462144 160.666249 203.916855 194.129679 169.993707 161.305018 176.621530 138.400216 136.215799 156.169556 151.389473 127.154310 157.189234 154.149915 149.602107 73.402472 111.644506 97.887654 13.038832 41.856972 47.549236 85.601180 106.392200 135.322374 61.313101 110.210965 99.864857 134.315966 153.190844 152.671388 156.579994 126.295718 170.729594 177.648503 158.019186 117.520564 104.652025 77.641111 0.000000 74.073857 82.802330 101.209993 102.941403 164.697879 169.788634 138.268857 71.811406 33.232624 146.783366 132.912897 121.378106 46.644513 116.903884
133.346187 182.379566 173.492966 198.510397 181.757626 213.834330 227.852651 189.639883 173.666089 171.716543 150.761287 196.742754 169.800399 177.751949 160.466620 169.047155 171.012489 157.575026 135.246862 147.830545 108.458049 49.962798 71.774945 57.466710 86.174949 58.360343 129.902928 95.036074 147.134931 105.227714 144.233440 158.553701 165.032459 154.038685 159.412884 218.199126 156.310295 200.796280 160.297657 147.429118 111.306327 61.844390 0.000000 119.726296 138.133959 124.103175 175.717460 208.073640 177.563031 92.973177 43.150099 159.144437 121.712953 158.302072 83.568478 155.188890
84.418517 133.451895 90.908184 152.668708 163.853279 190.084043 183.689419 157.823059 141.849265 171.221786 118.944463 153.778242 112.858593 128.824278 115.497414 89.258816 81.577482 93.772833 150.736417 178.645695 135.541508 119.198067 81.396293 90.121814 116.990100 89.175494 80.975257 50.872842 48.261464 89.424598 82.333549 133.776393 133.215635 105.111014 127.488543 171.955633 158.192750 159.414625 118.916003 131.804442 145.567896 116.450782 129.005583 0.000000 50.478838 68.532061 112.598597 166.913341 152.785723 66.237104 128.965479 112.900945 72.785282 59.428604 117.377743 122.581615
74.899449 123.932827 115.046227 104.877771 132.425523 195.421867 152.386264 149.235859 133.262065 149.630787 110.357263 159.617711 111.353661 119.305211 112.182977 109.495985 101.814651 99.128288 123.829610 158.186451 118.813956 105.668006 110.912016 74.515275 96.530855 70.929088 71.456190 46.054883 9.000972 55.745873 52.523052 86.664964 124.628436 95.591947 77.009706 163.620431 144.144204 120.938599 104.995992 130.299510 128.840344 130.633643 79.114180 43.159005 0.000000 29.271569 73.338106 137.033441 105.674294 41.111447 122.264279 118.740414 63.266215 20.168113 101.771204 86.204517
92.646439 117.708015 104.064305 109.778226 136.969577 183.840237 140.804634 159.421871 143.448077 172.820598 120.543275 155.377054 111.667946 107.146571 82.911408 82.067763 91.794051 103.989402 117.773389 156.015424 143.769430 133.278680 145.924928 108.008442 125.218022 97.403416 89.203180 77.362578 44.013884 79.932178 33.911944 113.306165 134.814447 113.338936 85.039925 166.997497 159.791562 155.951510 129.132572 130.613795 153.795818 165.646554 114.127091 78.171917 35.012911 0.000000 61.756476 107.761872 102.615230 76.124359 152.757549 114.499757 81.013204 55.181024 135.264371 74.622887
88.916753 55.951539 74.879480 48.021750 75.213101 122.083761 79.048158 108.587959 109.089569 138.462090 93.890374 143.150821 111.669426 90.485970 114.308247 86.354438 80.388315 92.169224 156.226667 148.708656 126.893700 115.455566 118.772013 105.475080 104.610600 82.936736 74.736500 66.004680 111.373507 39.278984 99.023079 53.895982 100.455939 61.298662 23.283449 145.971018 133.138661 158.225459 117.726836 122.356207 136.920088 153.826503 116.626083 83.216122 106.371174 80.101442 0.000000 65.751161 40.858755 48.971444 142.098954 102.273524 89.283698 122.540648 105.072339 12.866411
140.434347 72.464817 91.392757 73.280572 88.297796 165.024738 118.071984 137.369400 144.424831 173.797352 141.303801 176.137580 124.192056 106.999247 103.671933 133.706856 140.089312 137.049021 180.393077 196.693985 141.553920 174.283103 178.473010 160.946183 152.746488 138.407840 130.207603 121.475783 102.053757 94.750087 134.375292 42.537238 135.791201 120.999659 82.984446 174.752458 180.552087 171.422149 156.006444 143.137905 151.580308 175.178575 147.362497 136.211790 93.052785 110.014313 59.700997 0.000000 61.546568 108.672441 190.512596 135.260282 131.969384 113.220898 140.316910 72.567408
118.422539 50.453008 69.380949 21.804204 64.311049 108.051791 56.525416 102.292047 82.878263 112.250784 104.805216 154.065664 124.169037 84.987439 123.790660 100.569260 92.887926 96.919825 158.381268 171.697707 153.017780 146.488042 164.150124 113.243852 130.734680 110.612778 109.966854 111.046661 116.712284 84.320965 154.759110 55.429362 74.244634 113.604951 78.539285 120.490623 124.942464 147.435401 130.226447 137.954506 163.044168 188.070699 142.750163 102.215895 151.413156 134.703977 72.593121 84.153601 0.000000 121.564565 147.149439 113.188367 118.666285 127.879424 140.499781 68.122246
86.488984 105.300842 89.033394 120.565112 129.149978 171.433063 155.286323 123.553418 107.579624 136.952145 84.674822 133.935270 104.936923 124.248328 113.096079 90.019844 82.338510 93.193046 147.011115 157.050644 117.678149 107.602344 69.800569 85.229275 95.395048 73.721185 65.520948 55.562272 75.143882 30.063432 65.041942 83.389419 98.945994 105.523946 66.439707 152.112661 123.923109 147.935796 107.437173 117.824112 127.704537 104.855059 107.410532 34.244678 66.142909 31.129998 92.886474 115.100463 98.760908 0.000000 117.369756 93.057972 80.630353 86.311022 95.856787 62.215713
124.771870 151.904249 155.772827 155.360298 138.607527 170.684231 184.702552 155.833489 139.859696 169.232216 116.954894 157.459750 137.216994 158.530305 145.376151 156.560036 149.077943 140.174980 94.646422 114.024151 74.651656 29.243223 51.858195 14.316611 52.368555 76.769642 122.180449 51.885975 105.138993 90.437731 101.083341 142.285182 131.226066 143.144663 121.223745 184.392732 156.203180 165.563212 126.491264 113.622725 69.240771 74.881611 64.384039 77.730358 96.138020 97.869431 151.826824 181.839896 153.544946 66.739433 0.000000 125.338044 127.840924 116.306133 41.572540 128.955146
59.968792 95.075863 100.115571 117.487927 50.952335 99.742227 85.640368 44.922114 28.948320 58.320841 6.043518 40.877297 26.305619 39.695216 20.038107 50.073030 59.799318 71.922309 104.675216 91.278455 102.464389 100.601033 118.263115 141.561032 85.887823 64.725770 56.525533 100.448472 149.241895 114.082650 138.748515 93.358147 20.314691 80.661290 106.396938 59.054689 45.291805 70.447132 37.634679 24.766140 111.153428 133.109742 97.903306 118.263896 140.240922 115.149216 110.521906 98.473998 112.367477 84.019218 127.244421 0.000000 48.335558 160.409035 113.583218 95.979899
11.633234 60.666613 51.780013 79.883426 91.579469 145.006599 119.341435 95.014230 75.600446 104.972967 64.178781 110.897859 48.087446 56.038996 55.347227 47.334202 49.299537 35.862073 98.868333 105.860413 62.756225 52.265475 69.927557 93.225474 44.204818 16.390212 8.189975 64.541538 100.906337 65.747092 100.725601 60.991111 66.966817 32.325732 60.213372 100.354217 103.427067 119.546200 79.047577 67.033295 72.782614 98.293177 56.220301 69.928338 91.905364 66.813658 78.154870 102.681083 80.000441 35.683660 78.908863 70.020561 0.000000 112.073477 65.374990 49.796333
107.409409 156.442787 113.899076 174.358501 186.844172 213.074935 205.384909 180.813951 164.840157 194.212678 141.935355 176.769134 135.849485 151.815170 138.488306 112.249709 104.568374 116.763725 162.820309 169.812390 130.439894 85.499893 104.387185 108.624418 108.156794 80.342188 103.966150 73.863734 71.252356 108.344720 98.492218 156.767285 156.206527 128.101906 149.620200 194.946525 181.183642 182.405518 141.906895 154.795335 140.466282 134.082663 120.172277 22.990892 73.469730 64.580275 126.336750 172.342147 167.195505 89.227996 112.143281 135.891837 95.776174 0.000000 100.816130 139.203161
97.901618 130.467735 114.200287 118.142912 152.306890 196.599956 147.485166 146.710330 130.736537 160.109057 107.831735 157.092182 128.093836 142.307380 129.828429 115.186737 107.505403 102.957594 114.532163 145.839462 107.669479 92.090748 94.967462 59.736705 85.386378 80.390711 88.677861 14.668588 63.566452 53.220345 90.208834 106.546332 122.102907 109.935482 79.651205 145.135231 147.080022 173.102688 132.604066 140.981024 100.725785 130.021952 97.401862 36.157817 54.565480 56.296891 118.053366 140.267356 111.972406 25.166893 62.847525 116.214885 86.268384 74.733593 0.000000 87.382606
76.050343 43.085129 62.013069 64.542443 86.790130 109.217350 99.263655 95.721549 96.223158 125.595679 96.340333 145.600780 110.853943 77.619559 104.921424 82.865418 92.591706 79.302814 151.013389 135.842245 136.077335 128.470292 146.132374 152.745551 113.794234 92.595029 84.394792 107.677434 114.331173 97.472314 104.229233 41.029571 87.589528 48.432252 10.417039 133.104607 135.588619 164.046525 126.613020 129.489622 146.103723 173.670908 125.809718 129.225260 105.330201 70.317289 58.193330 52.884750 42.738239 107.164774 150.992393 104.723483 86.943331 125.498314 141.579807 0.000000
DEMAND_SECTION
1  0
2  7
3  1
4  8
5  1
6  9
7  2
8  4
9  10
10  2
11  3
12  10
13  4
14  5
15  7
16  2
17  9
18  8
19  4
20  9
21  1
22  10
23  10
24  5
25  7
26  1
27  1
28  1
29  2
30  7
31  10
32  8
33  6
34  4
35  6
36  7
37  6
38  2
39  6
40  2
41  6
42  3
43  1
44  2
45  1
46  2
47  2
48  6
49  10
50  1
51  1
52  9
53  9
54  7
55  3
56  5
DEPOT_SECTION
1
-1
EOF
