NAME: ftv64
TYPE : ACVRP
COMMENT : COMMENT: Asymmetric TSP (Fischetti) with demands added, capacity=50, HP (asym_scale=1.0)
DIMENSION: 65
EDGE_WEIGHT_TYPE : EXPLICIT
EDGE_WEIGHT_FORMAT : FULL_MATRIX
CAPACITY : 50
EDGE_WEIGHT_SECTION
0.000000 38.163727 94.720638 61.622352 112.297771 63.668286 102.124394 51.722908 48.361385 100.666939 41.863492 64.150203 81.982431 50.894609 51.237264 15.926013 29.815110 36.431294 29.436429 86.579739 142.711507 88.886868 110.222933 116.440695 109.715087 92.674380 47.710425 22.732901 44.733433 76.708672 94.633782 124.219231 73.680558 139.037240 85.933922 135.439879 59.902439 55.130340 67.809175 90.828185 77.695471 98.220136 75.796678 94.991535 141.152124 49.056340 53.922663 39.272145 104.593560 100.681058 62.003732 93.579212 98.790411 124.433343 53.148600 112.157144 105.061110 114.241730 133.475618 80.642837 35.194937 29.508291 149.571641 69.889052 58.436540
44.283839 0.000000 77.754085 47.573739 96.607469 107.952126 146.408233 96.006748 92.645225 144.950779 86.147332 108.434043 126.266270 95.178449 95.521103 60.209853 74.098949 80.715134 73.720268 130.863578 186.995346 133.170707 142.554779 133.397495 142.826239 114.003659 91.994264 67.016740 74.987911 101.699475 126.583269 139.893441 80.492240 152.197956 81.537361 179.723719 104.186278 36.608768 68.736639 100.424555 121.979311 142.503975 120.080518 139.275374 185.435963 93.340180 98.206502 62.666346 148.877400 144.964897 91.559452 126.690365 112.193888 136.178680 95.778371 117.739768 66.897383 84.464529 114.954045 124.926677 79.478776 59.762769 145.645335 114.172892 59.364005
53.722791 70.223726 0.000000 29.944899 18.853384 57.455167 95.911274 85.183175 102.084176 133.298607 85.990725 117.872994 135.705222 94.614926 57.549807 60.053246 66.270085 70.106233 62.186985 121.762504 176.386445 124.069633 124.925939 144.289012 147.009784 96.374819 82.893190 57.915666 89.279970 109.329304 138.761015 160.710963 88.122069 161.674727 64.479597 170.622644 105.735598 55.446619 54.367764 22.670470 118.312008 122.399159 114.793590 114.510891 161.040765 102.779131 88.228980 77.423420 139.776325 135.863823 110.397303 130.873910 131.031739 155.016531 106.871391 132.716443 87.325251 96.710066 98.522606 115.825602 79.322169 83.231082 123.386303 105.071817 44.995129
33.764746 44.191685 39.206345 0.000000 58.059729 94.183011 132.639118 85.487654 75.837832 128.143386 56.045825 94.176140 108.285848 64.670027 53.127429 30.108346 46.081871 40.161333 32.242086 120.344485 146.441546 104.581997 94.981040 114.344112 117.064885 66.429920 63.405554 56.497647 65.391378 90.592427 108.816115 130.766064 69.385192 143.648344 56.772804 149.272125 75.790699 25.501719 38.648057 61.876815 91.877804 125.696582 84.848691 109.173868 155.703742 82.821086 87.430762 73.036891 120.288690 134.445804 80.452404 100.929010 101.086840 125.071631 82.897090 106.632720 79.618459 85.080613 103.846997 96.337967 49.377270 63.273037 156.118474 90.467078 29.275423
90.600843 88.104018 75.596411 94.238277 0.000000 40.171419 78.627526 67.899428 95.204950 114.445223 91.993634 133.967572 165.428265 95.511503 72.313687 106.526856 101.941277 89.919631 104.079929 145.273429 190.064669 138.689221 126.154391 145.517464 165.167441 142.683325 97.512778 81.426591 70.835224 114.268695 137.624783 150.321022 114.085678 153.412149 93.126231 185.242233 94.052353 70.202205 102.330077 5.386722 99.458624 103.545775 123.249060 125.425412 154.901093 139.657183 122.096561 77.940954 154.395914 159.374748 99.563755 149.031567 137.851099 147.721800 103.513907 151.333205 112.884525 125.356699 79.669222 130.445191 99.981315 79.517236 104.532919 124.240096 92.957443
91.658760 102.051105 128.217506 143.392549 130.823795 0.000000 38.456107 27.728009 55.033531 92.003628 66.707235 93.796153 137.113087 67.585362 62.063602 70.498645 92.457666 99.073850 108.680589 154.035864 190.816521 150.290524 161.695830 181.058902 186.284407 168.581049 130.895996 105.918472 120.640102 142.742310 149.206414 191.660305 144.967416 204.006269 151.595361 187.405340 53.880934 124.374605 150.682767 66.833285 70.769514 104.892281 83.077641 119.987585 117.157224 104.186997 94.170420 37.769535 149.963159 175.624319 141.660562 170.148533 174.906418 185.936668 143.206257 166.990644 168.948488 120.677640 145.549820 163.828409 72.675637 105.414960 193.508573 153.074624 141.310133
137.718495 159.985125 89.761399 119.706298 92.367688 85.907193 0.000000 81.036542 108.342064 150.125493 120.015768 131.294713 174.611648 111.329403 129.507626 123.807179 116.074946 122.691130 136.851429 191.534425 228.971343 180.168353 214.687338 194.203379 212.943172 186.136218 162.487762 147.677065 160.597654 172.332165 188.144329 194.667370 160.307273 181.488657 113.139254 237.542424 107.189467 145.208017 129.311329 51.122496 105.233349 139.226045 112.955469 149.865413 170.465758 141.685557 137.914461 97.721413 195.875045 213.122879 179.496479 196.807298 182.310821 198.241346 181.686210 177.935652 135.984908 119.990380 118.198392 195.420174 125.984171 158.723493 155.052465 194.833216 134.756528
63.930751 81.987001 119.857631 115.664540 138.711015 47.379198 85.835306 0.000000 27.305522 79.611076 38.979226 66.068144 109.385078 60.647301 66.630588 42.770636 86.119420 91.724449 80.952580 126.307855 163.088512 122.562515 133.967821 153.330893 158.556398 140.853040 103.167987 78.190463 92.912093 115.014301 121.478405 163.932296 137.611309 176.278260 141.079506 159.677332 26.152925 96.646596 122.954758 39.105277 43.041506 77.164272 55.349632 92.259576 89.429215 76.458988 84.923443 16.684870 122.235150 147.896310 113.932553 142.420524 147.178409 158.208660 115.478248 139.262635 148.884384 146.073299 117.821811 136.100400 44.947628 77.686951 189.284706 125.346615 113.582124
83.896317 91.982030 143.431557 121.304183 135.493227 46.870829 81.842106 26.659639 0.000000 52.305554 44.618869 92.103233 118.053500 68.191861 76.067813 64.845769 103.441173 110.057357 107.612219 150.781348 161.530683 149.222155 160.627460 167.615994 164.196041 146.492683 125.229290 104.850103 98.551736 134.277136 143.553538 158.996161 146.169711 148.972738 147.214833 132.371810 39.525845 102.286239 134.414111 65.764916 36.111344 49.858751 82.009271 83.509340 116.088854 100.932481 92.582364 41.040996 148.894789 172.369803 119.572196 148.060167 161.510448 153.272524 123.308069 111.957113 158.879413 167.548469 144.481451 158.161702 52.606549 83.326594 184.348571 151.956608 125.041476
68.151089 76.236802 127.686328 105.558955 146.539712 84.180190 108.728227 44.185937 37.309361 0.000000 28.873640 49.096478 87.311187 52.560994 60.322585 49.100540 87.810306 93.076950 82.305081 104.233964 148.776818 97.970118 135.611936 151.870766 148.450813 130.747454 109.484062 90.883990 82.806508 118.531907 127.808309 147.504419 130.424483 186.282099 131.469604 119.617944 48.618514 86.541011 118.668882 83.291214 49.623796 63.206519 30.757234 31.203786 77.733661 54.385097 76.837136 60.870808 113.676810 125.822419 103.826967 132.314938 145.765220 164.538564 107.562841 149.266475 143.134184 154.619189 162.007748 142.416474 36.861321 67.581365 169.821775 136.211380 109.296248
39.277448 47.363162 98.812688 76.685315 117.666072 77.295528 112.266804 34.733915 30.424699 82.730253 0.000000 47.484364 73.434631 23.687354 31.448945 20.226900 58.936666 65.552850 67.952953 106.162479 124.172705 113.101831 118.714134 122.997126 119.577172 101.873814 80.610422 62.010349 53.932867 89.658267 98.934669 133.418665 101.550843 158.372203 102.595964 148.353809 19.744874 57.667370 89.795242 73.839192 50.488216 79.129050 48.589423 67.784279 114.314153 56.313612 47.963495 40.457278 106.686430 127.750934 74.953327 103.441298 116.891579 135.664923 78.689201 121.356578 114.260544 125.745548 136.012648 113.542834 7.987681 38.707725 158.771075 107.337740 80.422608
79.524476 88.719759 126.116342 86.909997 144.969726 93.884761 128.856037 73.673571 47.013932 78.752409 41.356597 0.000000 43.316934 56.768291 72.805542 61.583497 83.614492 71.592845 85.753144 60.239711 116.847760 75.813526 91.617683 110.980755 145.904699 111.625261 121.967019 102.257377 95.289465 131.014864 108.789492 151.243383 142.907440 185.023129 143.682801 127.381293 55.797377 99.023968 125.558054 95.951443 50.681946 67.852961 45.328483 78.512777 125.042651 10.390844 68.394454 81.813876 91.520219 81.828166 116.309924 132.255164 117.758687 145.519746 108.633560 158.971045 155.617142 167.102146 177.369245 104.879382 48.234709 80.064323 176.595792 135.070326 116.185420
151.327582 171.164683 217.294944 203.060314 234.872077 210.035078 245.006354 189.823888 163.164249 174.300773 157.506914 116.150317 0.000000 124.938491 149.291415 154.670893 149.018081 136.996435 151.156733 176.390028 172.278970 153.334223 207.768000 183.568935 216.551620 192.075468 191.703415 166.725891 168.944667 158.685956 200.308650 227.027834 205.018424 231.919873 208.508228 203.121916 171.947694 200.922209 190.383480 212.101760 166.832263 184.003278 158.590372 174.698503 126.870223 126.541161 151.523549 155.006567 169.040915 197.978483 143.981016 200.415746 185.919269 229.067370 148.199935 206.752968 201.043913 236.816036 213.494401 205.913437 164.385026 175.300160 252.380244 213.882043 181.010846
26.389092 64.552819 99.376226 88.011443 118.229610 90.057378 128.513485 78.112000 61.159298 101.877477 48.993661 59.980024 91.184645 0.000000 24.352924 29.732402 35.249312 41.865496 46.894016 108.107422 131.304530 101.720289 124.825035 142.829787 131.716815 119.063472 74.099517 49.121993 54.423798 77.736751 108.440171 133.909595 100.069650 162.819388 111.825931 157.520698 50.479474 81.519432 94.198266 107.891800 63.286938 109.863650 41.640780 78.550723 125.080598 58.258555 26.585058 51.504171 117.426981 115.035518 83.152328 115.580941 109.900859 145.170426 79.537692 125.803763 125.350810 137.362419 159.864710 107.031929 45.893451 55.897383 155.558288 96.278144 84.825632
130.397458 93.342259 171.096344 140.915997 189.949728 97.635946 124.616778 81.062045 84.490835 136.796389 105.776246 147.130189 179.210878 114.807364 0.000000 123.832681 150.056676 156.672860 150.878017 205.756394 226.772248 203.624560 215.029866 214.117135 225.353419 207.345917 178.107883 153.130359 159.709114 175.155167 202.540450 212.483038 173.834499 231.876576 171.156866 213.190024 73.811010 129.951026 162.078898 96.612834 118.203637 128.418568 136.411677 148.436007 170.491260 157.521033 139.083505 27.151247 203.297195 228.958355 169.308624 209.217545 205.536147 206.759401 148.848479 196.447948 160.239641 177.806787 139.125228 211.040296 99.107691 144.483972 233.793671 200.286511 152.706264
21.160115 39.216365 107.991317 79.201540 126.844701 84.828401 111.046157 60.671394 45.729486 98.035040 25.937479 68.906462 99.372110 34.968596 36.081365 0.000000 43.348784 49.964968 47.726053 107.739854 146.933481 110.046983 98.487234 115.884144 130.875202 104.390039 68.870540 43.893016 56.449092 72.243665 78.707769 121.161660 94.840673 157.326301 107.094037 150.769265 45.682353 66.845999 88.969289 99.776671 61.769458 95.588236 59.870665 79.065521 125.595396 67.446463 59.244738 60.432260 110.246559 121.841173 77.469552 114.739327 104.407773 115.438023 72.707612 120.310677 106.113748 123.680894 145.191277 101.802952 19.268924 41.223950 146.514070 91.049167 79.596655
43.332536 50.809345 92.403485 81.235842 85.899151 107.000822 142.875880 76.687568 77.154720 118.953262 46.730022 88.175354 83.517788 31.124878 55.477801 31.829724 0.000000 6.616184 20.776483 100.440565 112.896397 112.111463 130.316957 140.217889 105.599282 98.338610 71.200262 55.114075 44.522708 78.126473 98.187053 124.008506 112.763774 137.835566 83.616769 135.317141 66.474896 68.880302 65.492021 91.285873 93.599182 108.053815 69.836110 99.410630 145.940504 50.591697 53.885613 80.908167 93.649762 122.029019 63.421533 89.463408 105.359785 134.917307 67.640452 100.819941 106.462423 111.244886 147.225580 104.132675 51.098647 43.258253 120.308976 97.927580 56.119387
36.716351 46.959162 85.787301 76.281315 97.920798 100.384638 136.259696 76.444893 70.943025 115.678944 41.710978 84.488717 90.204061 24.508693 48.861617 25.213539 12.021647 0.000000 14.160299 112.462212 106.280213 111.312173 123.700773 133.601705 98.983098 101.469814 70.135730 56.960414 47.309591 89.254268 91.570869 126.795389 107.809247 149.857213 77.000585 131.190339 61.455852 63.925775 58.875837 103.307520 86.982998 120.075462 66.149473 92.794445 139.324320 62.613344 47.269429 74.291982 105.671409 134.050666 74.549327 82.847224 116.487580 128.301123 78.285201 112.841588 99.846239 104.628702 142.271053 103.068142 44.482463 38.303726 132.330623 100.714463 49.503203
22.556053 35.693977 72.744481 69.489753 91.597865 86.224339 124.680446 74.278961 70.917438 111.155508 52.482847 70.945849 76.043762 35.280563 59.633487 35.985409 13.839785 10.771869 0.000000 102.045928 117.052082 101.003289 130.901547 119.441406 84.822799 94.678253 59.826846 43.740659 33.149292 76.582763 77.410570 112.635090 96.236611 149.816679 87.772454 117.030040 72.227721 57.134213 69.647707 95.414950 92.892494 114.327244 52.606605 78.634147 125.164021 56.865127 58.041298 61.828197 107.489547 121.688817 61.877823 68.686925 103.816075 114.140824 65.827975 114.161017 102.591360 90.468403 128.845243 92.759259 50.391960 31.512164 127.291301 86.554165 60.275072
105.055353 110.030213 160.693868 121.487523 179.547252 136.690515 138.612961 100.511819 89.819686 101.757826 65.777904 67.707219 61.295648 89.465258 77.258376 86.004804 105.597635 93.575988 107.736287 0.000000 68.777924 66.976653 115.410954 104.938716 148.762814 129.195704 119.438974 103.352787 92.761420 136.194890 136.252278 169.794864 167.328747 163.433534 156.200084 94.683131 85.522778 123.445275 143.717797 139.617096 116.266120 102.430487 49.367975 80.253986 126.783860 44.968370 13.294873 104.409623 54.858401 105.621437 121.489950 136.359374 121.862897 165.010998 125.440102 173.557692 163.688432 173.000516 201.790552 112.036017 73.765585 101.443432 188.430155 144.469362 134.345162
113.902813 132.276062 168.908734 129.702389 187.762118 149.517218 156.305833 117.492127 102.646389 121.544801 88.023753 79.832250 72.100737 99.560683 99.504225 108.250653 126.406884 114.385237 128.545536 22.245849 0.000000 16.808345 75.305419 82.595352 126.419449 95.312997 115.882332 116.277983 115.007268 103.682388 147.247583 169.251095 165.183657 131.958369 178.445933 74.182416 98.589769 145.691123 165.963646 156.002096 118.293193 110.645353 70.932717 102.499835 149.029709 53.183236 35.540722 106.718014 32.515037 65.515902 143.735799 150.342973 135.846496 163.527458 147.685951 122.212048 164.023683 195.246365 224.036401 81.131440 91.027101 123.689281 194.603505 94.301053 156.591011
146.783543 153.615746 177.795354 173.386981 183.572293 161.969874 139.497489 114.590676 141.896198 165.229393 122.162331 132.240166 113.049931 131.193448 137.006074 142.389231 162.935064 158.069829 172.230128 72.169568 56.560055 0.000000 58.497074 65.787007 109.611105 78.504652 99.073987 99.469638 145.233774 86.874044 130.439238 155.215921 152.666271 165.294864 170.418763 57.374071 140.743601 170.582359 183.852513 145.216859 157.632182 154.329945 113.900922 143.477133 185.595824 96.867828 77.827821 131.275546 15.706692 48.707557 164.354836 133.534628 119.038151 162.186252 147.047249 134.941055 193.264418 202.649232 221.562045 64.323095 115.493776 144.960310 180.568331 77.492708 174.479879
133.380006 119.258913 143.755289 148.581066 133.311787 173.483206 211.939313 148.896245 130.981975 169.810208 126.464236 151.765196 132.499306 135.495353 135.270186 145.036330 133.880435 123.792867 137.953166 84.057977 104.460811 80.610288 0.000000 19.363072 54.287016 28.244145 40.576913 102.127709 125.828619 52.833979 96.399173 121.175856 118.626206 121.425590 156.271752 75.301937 129.071209 136.225526 138.147004 138.698509 162.296215 172.257811 133.425952 164.311963 189.574965 114.795694 97.352850 162.421433 96.316981 52.686698 113.293440 86.644593 84.998086 125.725376 117.512360 84.409966 144.890336 184.579560 201.749105 13.261699 119.795681 110.603476 128.087145 43.452643 128.774370
168.256582 154.366673 185.810286 190.636064 168.188362 173.222289 211.678397 142.308095 165.858551 185.787205 151.127813 143.889752 153.608344 170.371929 169.571072 171.354713 147.551134 154.167318 167.627157 92.312696 122.638052 100.246390 42.054998 0.000000 96.342014 63.120721 82.631911 115.962141 152.146657 94.888976 137.019639 159.962557 110.022989 153.135908 151.205600 108.298449 168.461020 178.280523 169.857322 173.575085 185.349601 194.743183 125.550508 162.460452 170.211893 137.281066 105.607569 158.992966 81.784689 33.323626 155.348438 128.699591 127.053084 157.435693 131.401926 116.120283 174.051254 183.436069 215.638672 55.316697 154.672256 152.658474 170.142142 85.507641 160.484687
143.462209 134.162713 161.470308 166.612854 143.393989 183.565408 197.751441 167.723817 141.064178 190.970493 136.546439 123.510869 155.435828 145.577556 159.974854 156.773339 138.473876 135.405960 124.634091 94.140180 120.691521 90.692491 67.333303 34.618607 0.000000 38.326348 74.416692 90.158765 131.942696 70.548998 84.406386 126.860277 114.301936 155.631635 171.506257 142.635240 156.291313 154.257314 142.104829 148.780711 163.729893 180.071045 143.508155 174.394166 194.432053 122.608928 107.435053 163.933137 106.399183 57.543787 160.671227 64.887968 97.682678 121.136641 111.197965 118.616010 154.972538 146.242180 188.444822 80.595003 129.877883 128.635264 123.492344 62.363506 144.008876
105.135861 98.964353 123.143961 128.286506 105.067641 145.239061 183.695168 129.397469 102.737830 155.043384 98.220091 123.521051 117.109480 107.251208 121.648507 118.446991 114.464950 121.081134 120.501443 55.813832 108.926198 52.366143 47.334911 66.697983 95.019109 0.000000 58.063694 74.231828 105.534059 32.222651 75.787845 100.564528 94.258351 117.305287 140.545295 109.740214 117.964965 115.930966 129.201120 110.454363 134.052070 152.596581 105.181807 136.067818 182.597693 100.782202 69.108705 138.677369 68.072836 100.021610 126.554518 78.883235 64.386758 107.534859 105.566037 80.289662 116.646190 172.775763 184.736863 60.596610 91.551535 90.308917 125.916938 24.037158 119.828485
123.922800 126.693415 150.873023 156.015568 162.763433 146.044950 180.673932 125.833760 99.174121 151.479675 99.301589 137.555675 125.493094 108.332706 122.730004 119.528489 140.998169 143.463580 148.230505 71.227332 97.736498 41.176443 85.113552 72.586983 106.607148 57.695791 0.000000 79.085636 133.263121 59.951713 103.516907 128.293590 102.511387 140.159110 153.640191 87.729454 88.494296 143.660028 135.515444 145.906623 132.886923 147.878473 119.216431 150.102443 196.632317 92.567004 83.143330 139.758867 56.883135 89.884000 132.964154 106.612297 92.115820 135.263921 123.890324 103.143485 128.989846 181.947999 208.127070 32.932412 92.633033 118.037979 153.646000 50.570377 126.142810
143.648849 123.279189 147.458797 152.601342 166.312181 171.022474 202.459799 150.811285 124.151645 165.604664 124.279113 131.554057 125.142486 133.310230 141.105214 144.506013 126.583714 133.199898 144.816279 63.846838 122.714022 66.153967 87.737674 97.564507 106.689862 82.673315 24.977524 0.000000 129.848895 56.537487 90.446891 110.585662 122.329714 139.552652 164.430559 112.706978 113.471820 133.210589 153.515956 170.129266 157.864447 166.277325 113.214813 144.100824 190.630698 108.815208 77.141711 164.736391 81.860659 77.948157 150.869354 90.553987 76.057510 104.862025 142.531506 104.604498 153.967370 153.762614 195.965257 57.909936 117.610557 114.623753 135.938072 47.156151 144.143322
19.765618 17.268794 75.449379 46.659602 94.302763 83.433905 121.890012 71.488527 68.127004 111.866390 59.292612 83.915822 101.748049 45.255587 69.608511 35.691632 49.580729 45.901478 36.394763 74.438205 124.414052 67.853997 97.752255 99.264537 94.332217 71.848101 26.677554 10.591367 0.000000 43.433471 68.679397 79.485798 77.045504 116.667387 63.438665 114.407009 79.037486 34.304062 66.431933 98.119849 97.461090 111.212533 81.615058 79.345028 125.874902 68.821959 71.840645 59.037763 83.560690 88.539524 28.728530 78.196342 70.666783 105.409651 32.678683 91.330865 70.927013 95.669133 112.649339 59.609966 54.960555 8.682012 104.838208 53.404872 57.059299
87.111363 66.741702 90.921310 96.063855 109.774694 148.376477 186.832584 138.834271 135.472748 171.516234 118.456599 151.261566 114.376236 94.659840 119.012764 92.519120 102.118577 95.305732 88.278792 108.368113 137.926994 81.366939 54.318784 73.681856 62.796459 52.554281 64.042095 82.426738 73.311408 0.000000 43.565195 68.341877 65.792227 85.082636 108.322644 129.620721 135.680719 83.708315 96.978469 113.591780 154.288578 160.616787 136.300620 152.656436 199.186310 136.167703 118.958257 126.383508 97.073631 70.151470 94.331868 46.660584 32.164108 75.312209 87.171164 48.067012 112.955875 140.553113 162.053593 67.580483 111.788043 58.086266 93.694287 76.591439 87.605835
121.569062 104.023460 120.338707 148.463046 133.819553 168.797396 207.253503 173.291971 164.551405 209.900486 144.759399 184.559019 189.254307 125.093878 149.446802 118.821920 131.123729 128.055813 117.283944 127.958659 154.579499 124.510970 119.479738 95.666757 61.048150 72.144827 111.077185 95.255894 101.803444 92.284527 0.000000 42.453891 71.077292 87.464262 101.280539 125.420626 164.504273 136.107506 106.443647 139.206275 180.591378 199.001039 166.734657 181.148472 227.678346 164.914383 141.253532 160.841207 140.217663 118.591936 118.572122 101.359783 101.124481 36.730254 81.058713 77.567608 119.529575 133.511007 165.295459 109.285653 138.090843 110.485456 67.806301 96.181985 103.889808
79.115171 61.569569 100.911886 106.009155 106.413249 136.323320 174.779428 130.838080 122.097514 171.215943 102.305508 142.620010 150.873815 82.639987 106.992911 76.368029 88.669838 85.601922 74.830053 116.648841 147.621966 118.955970 104.149420 123.512493 89.302941 100.984181 77.779527 52.802003 59.349553 49.830636 58.444273 0.000000 28.623401 72.129342 98.913114 165.508982 122.050382 93.653615 74.000423 111.799971 138.137487 161.342924 124.280766 138.694581 185.224455 128.171512 109.225045 118.387316 134.662663 112.594893 81.582027 73.167067 58.670590 68.541290 38.604822 35.113717 88.053547 127.220922 122.841568 110.711940 95.636952 68.031565 25.352410 66.563833 71.415732
61.889286 44.343684 90.473945 81.675180 108.051078 119.097435 157.553543 113.612195 110.250672 153.990058 101.416280 125.394125 133.647930 65.414102 87.108555 77.815300 71.443953 68.376037 57.604168 101.122922 130.396081 101.909389 75.526019 94.889091 84.003694 73.209285 61.481459 37.276084 42.123668 21.207235 64.772430 83.307757 0.000000 78.105721 81.687229 149.210913 115.893575 69.319640 63.562482 113.144415 128.701040 146.228112 107.054881 121.468696 167.998570 110.945627 91.999160 101.161431 117.616081 91.358705 70.852198 67.867819 53.371342 77.584120 21.378937 44.594374 74.222914 109.995037 105.615683 88.787718 97.084223 43.697591 108.660167 84.432235 54.189847
100.382474 100.731362 71.206656 86.402559 90.060040 110.826236 149.282343 138.554245 148.743860 201.049414 124.006141 164.532678 162.880604 121.801780 113.661156 116.308488 127.831631 122.542147 113.991846 136.802177 186.783759 133.354488 114.027738 133.390811 131.209028 80.988345 117.869137 93.663762 98.511346 68.412569 111.977764 118.083315 56.387678 0.000000 71.237633 189.329675 143.751015 111.904279 55.291282 93.877125 174.494357 193.605815 163.442559 177.856374 224.386248 149.438815 148.386837 139.654619 149.061181 138.564040 127.239876 115.073154 100.576677 112.359678 77.766615 100.982052 32.065313 101.723838 121.664490 119.982034 131.993822 100.085269 143.435725 104.854028 45.918648
91.162815 91.511703 61.986997 91.931896 33.757350 67.898943 106.355050 95.626952 122.932474 148.202573 125.750983 155.313019 173.145246 112.582121 104.441497 107.088829 114.079434 111.011518 100.239649 148.290941 177.564100 137.802088 113.511694 132.874767 121.989369 111.747191 108.649478 84.444103 89.291687 59.192910 102.758105 108.863656 47.168019 103.226020 0.000000 188.813631 121.779877 103.959555 46.071623 39.144072 120.402500 137.303125 150.976584 159.182762 185.056167 140.219156 139.167179 105.668478 153.508780 129.344381 118.020217 105.853495 91.357018 103.140019 68.546956 91.762393 22.845654 32.230469 74.433111 126.773394 126.357752 90.865610 134.216066 95.634369 36.698989
108.627389 124.675947 155.219255 116.012910 174.072639 142.450944 177.422221 103.802648 95.580115 107.855322 77.312785 92.770640 64.200092 85.871204 107.434593 97.539686 112.717405 100.695758 114.856057 51.404723 29.158874 45.967219 81.200565 60.312586 135.487581 101.208142 121.777478 131.360290 131.245653 132.841262 137.892405 180.346296 170.335575 161.117243 172.785714 0.000000 84.900290 134.980156 154.660967 142.312617 119.838157 96.955874 74.431396 111.341340 157.871214 39.493757 64.290362 116.979466 53.411689 71.411048 152.266112 143.960792 146.861600 174.622659 137.736474 151.370922 190.580451 188.485153 213.325434 94.462264 77.337622 116.020511 202.565168 123.459927 145.288333
94.576142 94.486225 154.111381 131.984008 146.173052 57.550654 92.521930 37.339464 10.679825 62.985379 55.298693 102.783058 128.733324 78.871686 86.747638 75.525593 114.120998 120.737182 118.292044 161.461173 172.210508 159.901979 171.307285 147.966706 174.875866 157.172507 135.909115 115.529927 109.231561 144.956960 154.233363 169.675985 156.280585 159.652563 157.894657 143.051635 0.000000 112.966064 145.093936 57.412327 44.392627 59.384176 92.689096 74.624997 121.154872 111.612306 103.262189 51.720821 159.574614 178.077476 130.252020 158.739991 172.190273 163.952349 133.987894 122.636938 161.383607 178.228294 155.161275 168.841527 63.286374 94.006419 174.205297 162.636433 135.721301
38.131835 32.728646 41.145318 24.036072 59.998702 81.091764 119.547872 89.854743 74.080411 126.385965 79.995327 100.452207 120.114265 72.177358 77.163501 54.057848 59.690312 47.668665 56.278158 124.711574 153.948878 106.658192 119.017112 138.380184 106.217471 90.465992 83.446680 60.864736 56.769126 65.090707 89.974501 105.293549 43.883472 118.146625 44.928594 160.786492 98.034273 0.000000 32.127872 63.815787 110.191755 123.939161 108.884763 127.067871 173.597745 87.188175 92.054497 77.403979 122.364885 134.031873 54.950684 90.081597 75.585120 99.569912 59.169603 81.131000 58.560425 68.078178 78.345278 116.379092 73.326771 65.451138 130.645959 108.020887 22.755238
45.091192 83.254920 26.911464 56.856363 45.764847 74.822734 113.278841 96.814101 93.452578 145.758132 86.954685 109.241396 127.073623 95.985802 84.461271 61.017206 74.906303 81.522487 74.527621 131.670931 187.802699 133.978060 120.204992 139.568064 129.299694 123.286283 92.801617 67.824093 89.824626 77.937205 121.502400 143.906406 82.210769 144.079615 40.853595 180.531072 104.993631 82.358082 0.000000 49.581933 122.786664 143.311328 120.887871 140.082727 186.243316 94.147533 99.013855 84.363337 149.684753 145.772251 107.094924 113.163820 110.101312 138.182769 90.578726 107.074408 57.888405 61.922755 104.125397 125.734030 80.286129 74.599483 150.297767 114.980245 71.741739
123.460029 133.970073 163.002203 160.851706 165.608492 34.784697 73.240804 62.512706 89.818228 115.178181 86.606912 128.580850 160.041543 97.070938 78.385129 103.198884 127.242363 133.858547 143.465286 182.592598 209.101764 152.541709 196.478818 183.952249 206.184084 169.061057 111.365266 140.703169 140.539779 171.316979 181.906653 220.025577 179.752113 238.508595 181.744228 199.094720 88.665631 136.815634 168.943506 0.000000 105.554212 139.676978 117.862338 146.381967 149.514371 138.971694 123.655995 72.554232 168.248401 201.249266 161.560239 190.048210 193.291834 218.636907 165.296112 201.775341 156.389155 155.462337 180.334517 144.297678 94.594593 125.314637 228.293270 161.935643 159.570872
119.556279 120.493113 147.217218 122.118084 166.070602 78.689063 117.145170 55.625528 43.813590 62.434419 88.432459 108.365634 113.980989 107.493414 119.881404 98.396164 141.744948 142.256900 136.578108 130.903766 170.351658 160.404537 162.281738 181.644810 207.855761 182.289316 158.793515 133.815991 142.365326 149.990097 177.103933 202.809751 149.955373 192.786328 151.000494 171.128373 69.466927 106.071901 138.199773 94.730804 0.000000 51.534971 93.191653 93.638205 140.168079 81.054899 85.388526 72.310398 176.111229 152.492221 135.285157 191.719887 177.223410 197.086114 139.504076 155.770703 164.632326 174.150079 173.447339 175.543437 91.793741 127.140184 228.162161 180.972143 128.827138
71.548537 68.958142 138.585776 115.873085 157.439160 94.769443 119.627675 55.085385 47.898614 10.899447 39.773088 56.830663 89.663241 55.958442 70.355741 55.732510 91.207754 90.850418 93.204528 115.133411 118.816687 108.869565 146.511383 155.268214 159.350260 141.646902 119.258962 94.281438 93.705955 127.976175 134.440279 158.403867 141.323931 196.871352 137.803353 130.517392 59.517962 97.440458 129.568330 94.190661 45.942568 0.000000 41.656682 42.103234 88.633108 65.284544 80.234584 71.770255 124.576258 136.721866 114.726415 143.214386 156.664667 171.170533 117.755454 159.855727 135.855524 153.422670 172.907196 127.519351 40.258770 78.480813 180.721223 141.437589 120.195696
79.633688 87.719401 130.673002 105.249241 149.526386 112.224005 147.195281 75.090155 65.353176 60.236697 40.356240 18.339244 61.656178 64.043594 71.805185 60.583140 99.292906 89.932089 104.092388 78.578955 123.772938 67.212883 109.956927 129.319999 159.933412 129.964505 120.966661 102.366589 94.289107 126.410310 127.128736 169.582627 141.907083 198.728443 142.952204 124.586954 60.101114 98.023610 130.151482 114.195432 69.021190 74.503629 0.000000 36.909944 83.439818 28.730088 86.733698 80.813518 82.919576 100.167410 111.705370 143.797538 136.097931 163.858990 115.924289 161.712818 154.616784 166.101788 176.368888 123.218626 48.343921 79.063965 194.935036 144.705592 120.778848
91.113824 99.199537 150.649063 128.521690 169.502447 109.306721 141.249589 61.927523 69.830723 32.521362 51.836375 55.059642 92.086417 75.523729 83.285320 72.063275 100.308222 105.434863 114.826443 115.299353 152.619278 127.645672 146.677325 161.846231 171.413548 121.247861 106.707440 113.846725 105.769243 141.494642 150.771044 180.025781 153.387218 210.208578 154.432339 152.139306 71.581249 109.503746 141.631617 101.032799 82.145158 37.593685 60.432789 0.000000 46.529874 65.450486 99.799871 78.612393 111.765916 136.887808 126.789702 155.277673 168.727955 187.501299 130.525576 173.192954 166.096920 177.581924 179.749334 139.639853 59.824056 90.544100 202.343137 145.285019 132.258983
88.054244 79.683913 134.646110 95.439765 153.499494 102.414529 137.385805 82.203339 55.543700 87.282177 49.886365 8.529768 45.556543 65.298058 81.335310 70.113265 92.144260 80.122613 94.282912 68.769479 106.089404 83.697742 100.147451 115.316356 154.434467 120.155028 112.931173 95.368949 86.253619 121.979019 117.319259 159.773150 140.533998 190.692955 141.579120 106.903420 64.327145 96.650526 126.976639 104.481211 59.211714 76.382729 53.858251 87.042545 0.000000 18.920612 76.924222 90.343643 65.236042 90.357934 107.274079 140.784932 126.288455 154.049514 111.009952 153.677330 146.581296 157.609705 174.995804 113.409150 56.764477 71.028477 185.125560 139.658491 119.405764
69.133632 85.182190 115.725498 76.519153 134.578882 102.957187 137.928463 64.308891 56.086358 68.361565 37.819028 53.276883 32.926090 46.377447 67.940836 58.045928 73.223648 61.202001 75.362300 49.848867 106.456916 92.798233 81.226839 100.589911 135.513855 101.234417 116.844057 91.866533 91.751896 124.114198 98.398648 140.852539 139.369871 174.632285 133.291957 144.531998 45.406533 95.486399 115.167210 102.818860 80.344400 57.462117 34.937639 71.847582 118.377457 0.000000 58.003610 77.485709 104.707269 71.437322 112.772355 121.864320 107.367843 135.128902 98.242716 159.062638 151.086694 161.599766 173.831676 94.488538 37.843865 76.526754 166.204948 124.679482 105.794576
91.760479 99.846193 147.398995 108.192650 166.252379 123.395642 125.318088 87.216946 76.524813 88.462953 52.483031 54.412345 64.599587 76.170385 63.963503 72.709931 104.897145 92.875498 107.035797 81.522364 104.719472 103.285985 112.900336 119.138612 167.187352 132.907913 133.093453 114.493380 106.415898 142.141298 130.072144 172.526035 154.033874 150.138661 155.078995 160.660056 72.227905 110.150401 142.278273 126.322223 102.971247 89.135614 36.073101 66.959113 113.488987 31.673497 0.000000 91.114750 118.992677 103.110819 127.436358 153.537817 139.041340 166.802398 129.916213 173.839609 166.743575 178.228579 188.495679 113.781881 60.470712 91.190756 197.878445 156.352979 132.905639
103.246211 125.988161 173.768429 152.915355 189.833218 70.484699 97.465531 53.910798 81.216320 133.521874 78.624999 119.978942 152.059630 87.656117 49.945718 96.681434 122.905429 129.521613 132.682640 178.605147 199.621001 176.473313 187.878619 186.965888 198.202172 180.498813 150.956636 125.979112 132.557867 156.862317 175.389203 202.959388 176.926770 204.725329 165.852169 213.588129 80.063723 136.292370 168.420242 69.461587 95.043235 128.164194 109.260430 131.753042 143.340013 130.369786 111.932258 0.000000 176.145948 201.807108 142.157377 182.066297 184.095629 212.119457 139.725749 193.173433 188.697824 191.162339 126.490409 183.889049 71.956444 117.332725 228.311798 173.135264 159.047607
149.292700 146.795875 196.257054 157.680289 179.404944 180.431575 157.959189 133.052376 137.247494 149.522700 118.980164 120.685613 97.343239 127.538582 121.299381 139.207064 154.384784 142.363137 156.523436 63.099211 40.853362 18.461701 60.552553 50.080315 93.904412 74.337303 101.129466 83.762946 129.527081 105.335744 148.900939 158.881584 160.103304 165.341507 172.474242 41.667379 126.567669 163.831143 173.524101 147.661787 159.146555 138.623253 111.786080 127.770440 174.300315 81.161136 76.394084 147.571376 0.000000 50.763036 157.209357 147.197146 137.499852 153.157948 131.340556 128.325882 184.184534 189.238781 205.855353 57.177616 119.005001 138.209094 184.233994 95.954409 164.151467
134.932956 128.761448 152.941055 158.083601 134.864736 175.036155 213.492263 158.685762 132.534925 179.599725 128.017186 141.893312 142.288823 137.048303 145.059703 146.057231 114.227507 120.843691 135.003990 85.610927 114.250328 82.163238 9.789517 29.152589 64.076533 29.797095 50.366430 104.028923 133.293026 62.019745 105.584940 130.361623 119.001454 131.215107 121.711206 85.091454 138.860726 145.728060 147.936521 140.251458 163.849165 182.047328 134.978901 165.864913 136.888266 124.585211 98.905800 168.474464 79.726804 0.000000 123.082957 96.434110 94.183853 135.514893 112.548295 94.199483 144.556861 153.941675 196.144317 23.051216 121.348630 120.106011 137.876662 53.242160 138.563887
44.729269 27.183667 73.313927 71.623252 90.891061 101.937418 140.393525 96.452177 88.157749 136.830040 68.365743 108.234108 116.487912 48.254084 72.607008 60.655282 54.283935 51.216020 40.444150 86.591713 113.236063 84.749371 69.023724 88.386796 72.570604 48.094452 47.722399 22.744875 24.963650 14.704940 56.327633 83.046817 61.037408 87.938857 64.527211 135.451854 88.110616 59.267712 46.402464 95.984397 104.197722 136.176184 89.894864 104.308678 150.838553 93.785609 74.839142 84.001414 100.456064 79.081189 0.000000 56.434729 41.938252 85.086354 4.218919 62.771952 57.062897 92.835020 88.455665 80.158098 61.697187 33.645663 108.399227 69.901026 37.029830
134.202209 116.656607 162.786867 153.988103 159.529864 191.410358 213.887315 183.859692 157.200052 207.106367 152.682313 139.646743 171.571702 137.727024 159.421477 150.128222 122.696293 129.312477 129.917090 110.276054 136.827395 106.828365 83.469178 50.754481 16.135874 54.462222 90.552566 106.294639 114.436590 78.514688 48.214574 81.389000 72.312922 135.678836 149.495113 158.771115 172.427187 141.632562 135.875404 164.916586 179.865767 196.206920 159.644029 190.530041 210.567927 138.744802 123.570927 173.474354 122.535058 73.679661 143.165121 0.000000 91.922556 84.944828 93.691859 116.502717 146.535837 162.378054 177.928605 96.730877 146.013758 116.010513 58.604376 70.695463 126.502770
111.908882 109.501536 126.756554 153.667002 122.994327 160.966788 199.422895 163.631790 160.270267 200.508337 141.835676 154.143220 165.396591 124.633392 148.986316 124.299995 103.192614 100.124699 89.352829 124.772531 151.323872 121.324842 94.209361 65.250958 30.632351 68.958699 105.049043 100.733970 107.281519 85.339080 14.389381 47.931967 76.555368 67.264442 115.669920 139.810006 161.580550 141.585581 105.431834 128.381049 182.245323 203.680073 141.959434 167.986976 214.516850 146.217956 138.067404 151.181027 137.031534 88.176138 124.989969 14.496477 0.000000 43.148101 86.536788 51.694795 99.329756 147.900388 148.717395 104.473910 139.744789 115.963532 66.567258 75.957745 96.059199
84.838808 67.293206 83.608453 111.732792 97.089299 132.067142 170.523249 136.561717 127.821151 173.170232 108.029145 148.343647 156.597452 88.363624 112.716547 82.091666 94.393475 91.325559 80.553690 122.372478 153.345603 115.819878 94.745075 100.233066 95.026578 102.956168 83.503164 58.525640 65.073190 55.554273 64.167910 5.723637 34.347038 50.734008 94.656935 170.047012 127.774019 99.377251 69.713393 102.476021 143.861124 162.270785 130.004403 144.418218 190.948092 133.895149 114.948681 124.110953 131.526570 118.318530 81.841868 78.890703 64.394227 0.000000 44.328459 40.837354 82.799321 122.964744 128.565205 97.509603 101.360589 73.755202 31.076047 72.287470 67.159554
40.510350 22.964747 69.095008 67.404333 86.672142 97.718499 136.174606 92.233258 88.871735 132.611121 80.037343 104.015188 112.268993 44.035165 68.388089 56.436363 50.065016 46.997100 36.225231 82.372794 109.017144 80.530452 99.458768 116.090463 107.936442 92.592832 43.503480 18.525956 20.744731 45.139984 88.705178 100.230529 67.217830 130.222620 60.308292 131.232934 94.514639 55.048793 42.183545 91.765478 107.322103 131.957265 85.675944 100.089759 146.619634 89.566690 70.620223 79.782495 96.237144 96.474113 49.473262 91.800568 77.304091 120.452192 0.000000 93.206995 52.843978 88.616100 84.236746 75.939179 75.705286 29.426743 107.782830 65.682107 32.810911
88.639327 80.103527 80.648502 105.421413 71.299532 109.271993 147.728100 126.348655 122.039439 174.344993 91.614740 121.132519 164.449453 101.173944 112.106912 104.565340 107.203796 104.135880 93.364010 121.684296 161.234750 118.236607 113.205375 132.568447 115.140853 65.870464 95.551263 75.664736 68.873708 81.724426 77.700928 47.039047 74.661807 37.015625 71.861786 162.048766 111.359614 103.177770 53.737039 76.686254 142.102956 170.743790 140.204163 148.218736 194.748611 131.523363 127.759002 127.911472 120.381387 151.875896 90.523966 99.004979 105.709637 41.315410 57.138779 0.000000 64.888863 100.169594 141.375525 126.467074 99.602421 77.555721 72.391457 89.907622 44.364404
68.317161 68.666049 39.141343 69.086242 57.994727 78.760923 117.217030 106.488932 116.678546 168.984101 110.180653 132.467365 150.299592 89.736466 81.595843 84.243174 95.766318 90.476833 81.926532 125.445287 154.718446 114.956434 90.666040 110.029112 99.143715 88.901537 85.803823 61.598449 66.446033 36.347256 79.912451 86.018002 24.322365 102.428085 39.172320 165.967977 128.219600 93.642005 23.225969 61.811812 146.012633 161.540502 131.377246 145.791061 192.320935 117.373502 116.321524 107.589306 130.663126 106.498726 95.174563 83.007841 68.511364 80.294365 45.701301 68.916739 0.000000 69.658525 89.599177 103.927739 103.512098 68.019955 111.370412 72.788715 13.853335
133.301592 126.929033 87.051938 116.996838 52.863088 93.034507 112.894441 120.762516 112.176094 164.481648 144.856721 186.830660 210.664367 147.396391 125.176775 132.007179 134.909345 122.887698 137.047997 160.768174 182.863161 156.502634 152.289253 171.652325 164.128145 104.954342 150.375866 126.582879 123.698312 101.331687 144.896881 118.671621 89.306795 128.079095 64.777521 213.876705 146.915441 123.065293 88.210399 58.249810 148.287438 156.408863 176.112148 178.288500 207.764181 177.738277 146.064780 130.804042 172.209326 171.483157 152.426842 147.992271 133.495794 132.070207 110.685732 133.901169 64.984430 0.000000 42.202642 165.550952 151.276102 132.380324 144.024031 128.991500 78.837765
104.606645 84.726391 86.426916 113.886264 72.414051 94.704487 107.486221 122.432496 118.773952 171.079506 146.470137 158.274484 168.461725 149.149527 117.885326 120.532658 134.421755 141.037939 134.043074 176.276506 208.581610 153.948918 152.873455 168.195596 133.576989 120.462674 112.772475 123.805863 128.653447 98.554671 134.913252 76.468979 86.529779 142.587780 39.361760 200.501929 108.094127 121.335158 59.515452 59.919790 152.486754 167.478303 139.935240 170.821251 209.434161 135.535635 103.862138 132.474022 169.655610 168.706141 157.381978 131.863124 130.718778 142.501779 107.908716 111.582696 62.207415 71.592229 0.000000 145.704887 139.801581 130.227370 101.821388 134.996129 50.142818
129.899240 120.792195 143.028676 150.114349 129.831021 170.002440 208.458547 135.634546 127.501209 156.548509 122.983470 146.424104 141.872859 132.014587 122.008487 135.744708 122.552815 110.531168 124.691467 80.577211 111.684268 77.129522 72.098290 61.918417 77.064933 24.763379 82.827073 98.995207 124.995392 54.050493 97.615688 118.187314 119.021730 108.163891 143.010053 134.503593 142.728344 137.758808 124.885305 135.217743 158.815449 177.359960 128.084860 160.831197 207.361072 125.545581 93.872084 149.159734 92.836215 95.242043 100.031741 100.711077 86.214601 112.463677 104.250660 71.148266 136.037130 171.317861 188.487406 0.000000 116.314914 112.136759 143.539724 44.669158 115.512671
31.289767 54.031717 105.481244 83.353870 124.334627 73.331391 108.302668 41.402471 26.460562 78.766116 6.668556 49.637538 80.103187 15.699673 30.096971 26.895456 50.948985 57.565169 60.726196 106.648703 127.664557 107.814625 125.382689 115.009445 126.245728 108.542370 79.000192 54.022668 60.601423 93.436424 105.603225 140.087221 104.970326 165.040759 97.544583 155.022365 26.413429 64.335926 96.463798 80.507747 42.500535 76.319313 40.601742 59.796598 106.326472 60.028382 39.975814 47.125834 113.354986 130.735191 81.621883 110.109854 123.560135 142.333479 84.438368 128.025134 120.390238 129.775052 142.681204 111.932605 0.000000 45.376281 165.439631 101.178820 87.091163
29.025097 8.655436 66.767367 37.977589 85.620751 92.693383 131.149490 80.748005 77.386482 113.429969 60.370333 93.175300 106.236288 36.573575 60.926498 34.432854 44.032311 37.219466 30.192526 88.187310 139.639194 83.079139 105.269326 106.720604 108.816205 63.166089 41.902696 24.340472 15.225142 50.950542 83.904539 94.710940 69.505522 119.664478 70.550643 129.632151 77.594453 25.622049 57.749921 89.437836 96.202312 102.530521 78.214354 94.570170 141.100045 78.081437 63.158632 68.297242 98.785832 102.288629 36.245602 92.680331 78.183854 113.991055 39.981475 82.648853 75.552819 93.119965 103.967327 74.835109 53.701777 0.000000 120.063350 68.630015 48.377287
127.185007 109.639405 126.797333 146.970901 140.278179 175.256022 213.712129 178.907915 171.010032 216.359113 151.218025 155.606827 198.714771 130.709822 152.404275 125.280546 136.510794 133.442878 122.671009 158.090711 184.642052 154.643022 127.527541 98.569138 63.950531 102.276879 126.692045 101.714521 107.419389 86.502956 33.091863 48.912517 65.295721 93.922888 131.643394 158.512489 170.962899 134.615361 108.084054 145.664901 187.050004 205.459665 172.350602 186.764417 233.294291 165.997671 157.294880 137.422786 170.349714 121.494318 125.030749 47.814657 33.318180 43.188881 86.674657 84.026235 125.988201 140.528730 170.911403 137.792090 144.549470 108.993311 0.000000 109.275925 110.348434
96.492698 76.123038 100.302645 105.445191 119.156029 157.757812 196.213919 148.215606 144.854083 176.101104 127.837934 142.050496 123.757572 104.041176 128.394100 101.900455 90.427792 97.043976 97.660128 74.343278 143.121202 90.748274 63.700119 83.063192 72.177794 53.054093 73.423431 91.808073 82.692744 9.381335 52.946530 77.723213 75.173563 94.463972 117.703980 139.002056 145.062055 93.089651 106.359805 122.973115 163.669913 169.998122 123.711252 154.597264 201.127138 119.311648 87.638151 135.764843 106.454967 79.532806 103.713203 56.041920 41.545443 84.693544 95.375355 57.448347 122.337210 149.934448 171.434928 76.961819 121.169379 67.467601 103.075623 0.000000 96.987170
54.463827 92.627554 36.284098 66.228997 53.861231 64.907588 103.363695 92.635597 102.825212 155.130766 96.327319 118.614030 136.446257 105.358436 67.742508 70.389840 84.278937 90.895121 83.900256 141.043566 197.175333 143.350695 129.577626 148.940699 138.672328 132.658917 102.174252 77.196728 99.197260 86.690292 130.255487 136.361038 74.665401 116.679598 27.497382 189.903706 114.366265 84.899865 9.372634 58.954567 132.159298 152.683962 130.260505 149.455361 182.064812 103.520167 108.386489 93.735971 159.057387 155.144885 109.722751 122.536454 118.854400 130.637401 96.044337 116.447042 50.343036 55.805190 98.007832 135.106664 89.658763 83.972118 158.394150 123.131751 0.000000
DEMAND_SECTION
1  0
2  2
3  5
4  3
5  9
6  8
7  8
8  1
9  1
10  6
11  8
12  10
13  2
14  3
15  8
16  1
17  2
18  2
19  9
20  5
21  10
22  3
23  7
24  5
25  6
26  8
27  10
28  4
29  10
30  5
31  4
32  7
33  7
34  5
35  4
36  4
37  7
38  2
39  3
40  4
41  9
42  9
43  7
44  6
45  2
46  7
47  5
48  4
49  3
50  5
51  2
52  4
53  2
54  5
55  8
56  3
57  2
58  3
59  2
60  7
61  4
62  5
63  10
64  2
65  10
DEPOT_SECTION
1
-1
EOF
