NAME: ftv70
TYPE : ACVRP
COMMENT : COMMENT: Asymmetric TSP (Fischetti) with demands added, capacity=50, HP (asym_scale=1.0)
DIMENSION: 71
EDGE_WEIGHT_TYPE : EXPLICIT
EDGE_WEIGHT_FORMAT : FULL_MATRIX
CAPACITY : 50
EDGE_WEIGHT_SECTION
0.000000 36.667287 35.572890 61.372929 85.316401 59.279964 103.599355 95.379743 91.378273 88.115623 127.778817 106.836143 70.080550 67.976817 73.629794 96.468511 74.453317 50.052811 82.593255 56.782460 113.836815 99.527022 67.474595 101.925834 34.144381 56.299842 39.309415 59.773058 19.841608 40.280440 39.000115 32.559462 79.116484 107.187552 84.964971 72.051116 73.856541 57.917955 79.982887 107.915019 86.190617 66.483076 63.542380 44.820081 32.220711 47.832099 51.529634 99.238255 106.965087 89.855495 115.436454 104.627758 84.611189 46.641043 90.300547 111.389581 70.194417 89.464723 81.875971 101.685215 138.475565 115.859041 59.262767 77.696874 43.766835 26.519920 69.801520 136.922533 84.028560 86.518426 62.791826
66.557229 0.000000 37.186447 45.365144 69.308616 37.068301 115.744178 58.890069 54.710986 100.260446 139.331495 117.961440 128.510359 111.874583 117.527561 140.668870 141.010546 93.950577 126.491022 123.339689 180.394044 143.424789 127.429174 152.846061 94.098960 79.152297 101.245436 71.917881 61.823130 81.636911 75.839217 77.767777 117.859954 129.600017 95.629847 82.715992 116.974876 124.475183 129.281496 128.933982 82.477546 91.623420 84.969985 65.414850 70.964182 60.425050 70.926184 110.408642 121.906797 108.180054 116.302675 105.493979 47.943902 66.248257 109.697097 130.786130 79.535531 61.752065 83.404266 74.863044 136.887608 87.775522 78.659316 113.276714 87.664601 65.263391 113.699286 138.251174 107.385742 102.557445 46.672226
53.196002 34.779295 0.000000 25.800039 49.743511 23.707074 102.382952 59.806853 64.215204 85.145472 102.145048 80.774994 115.149133 98.513357 104.166334 103.482424 118.109047 80.589351 113.129795 109.884465 166.938820 108.264474 90.242727 115.659615 56.912513 53.605058 87.884209 58.556654 48.461904 59.576966 58.587634 43.968207 80.673507 108.744576 98.429331 87.531364 119.774361 104.025975 121.416213 117.898055 87.290077 65.696366 59.696513 40.141378 33.777735 49.389123 53.086658 100.795279 108.522111 91.412519 108.442444 97.633748 52.756432 48.198066 91.857571 112.946604 59.970427 53.891833 46.303081 68.670609 123.526381 80.286151 60.819791 95.437188 74.303375 28.076944 100.338060 130.390942 85.585584 65.370999 27.218936
69.401497 66.367307 67.760776 0.000000 23.943472 52.780343 131.456221 34.006813 54.942661 59.345433 124.271561 102.901507 120.775196 96.010765 102.972094 145.089111 143.854814 95.302176 127.842620 126.183957 161.564106 143.834122 113.497394 152.388381 94.226841 85.091625 93.911844 87.629923 77.535173 78.995374 73.197680 79.537855 116.243155 144.314224 142.250593 129.336738 143.258038 127.319452 138.947515 137.452413 92.143565 103.609748 100.669052 81.946752 69.347383 84.958771 88.656306 106.286994 131.185258 114.075666 118.904547 108.095851 92.198961 83.767714 127.427219 141.583250 34.170388 64.353937 86.006138 42.870570 152.599650 92.774756 96.389439 131.006836 89.016200 63.646592 110.630626 140.853046 113.622328 123.645098 53.070003
45.458025 42.423835 43.817304 69.617344 0.000000 28.836871 107.512749 34.244058 30.999189 35.401961 101.200217 80.665202 96.831724 72.067294 79.028622 125.565898 119.911342 71.358704 103.899148 102.240485 159.294840 119.890650 89.553922 128.444909 70.283369 61.148154 84.767440 63.686451 53.591701 55.051902 49.254208 55.594383 92.299684 120.370752 118.307121 105.393266 119.314566 103.375980 125.440912 129.524232 99.373816 79.666276 76.725580 58.003281 45.403911 61.015299 64.712834 103.457611 120.148287 103.038695 124.469667 117.810958 90.367736 59.824242 103.483747 124.572780 102.584917 82.238949 90.120385 42.687967 128.656178 92.592153 72.445967 107.063364 65.072728 39.703120 91.107413 146.418165 97.211760 99.701626 68.836919
29.488928 65.342058 33.644122 59.444161 48.312828 0.000000 78.675878 75.567751 79.312017 63.192146 124.138193 108.455387 91.442059 74.806283 80.459260 111.089471 103.942245 56.882277 89.422721 86.271388 143.325743 106.356488 93.169047 120.243152 61.406209 42.762092 64.177135 34.849580 24.754830 66.008085 68.489043 62.048391 108.605412 136.676480 109.918867 101.540045 103.345469 87.406883 109.471815 121.846209 110.505401 72.877209 77.024340 57.469204 61.709640 68.267042 81.018563 97.095993 101.742821 84.633229 101.577270 90.768574 86.400554 62.778242 111.223817 132.312850 93.614549 87.535955 79.947203 91.000795 99.819307 113.930273 88.751695 107.185803 50.596301 56.008849 76.630986 123.525768 91.214880 99.015121 59.714958
89.252380 125.919667 124.825270 149.486683 150.911111 148.532344 0.000000 20.882087 141.040019 36.865294 101.800888 80.430833 78.812802 73.530626 61.009699 86.933956 101.560579 93.170432 109.749131 130.951643 158.036876 131.883597 132.557315 171.517169 114.328568 110.695161 128.561795 73.175297 93.422146 129.532819 128.252494 121.811842 168.368863 196.439932 174.217351 161.303496 163.108920 147.170334 169.235267 183.041531 156.770956 141.544526 145.691656 126.136521 121.473091 114.532598 131.960107 174.750367 179.397194 162.287602 186.691597 185.058230 170.690801 120.355806 170.731020 188.528244 159.446797 169.567917 163.678919 167.456245 215.661011 150.551950 139.693239 166.949254 101.870317 115.772300 52.475471 208.640096 173.280940 168.667703 152.044206
136.794645 126.363591 129.984347 155.784386 158.973327 153.691421 116.333023 0.000000 150.642507 46.467782 90.264748 68.894694 98.836088 78.962067 81.032985 111.082297 125.708921 122.789578 133.897472 155.099985 178.060162 139.726473 126.776695 183.107767 93.446481 121.030198 120.491348 91.116222 123.702667 135.589387 129.791693 140.753144 162.392748 190.463816 186.883493 173.969638 208.228522 178.054399 200.119331 198.772900 167.950188 148.242648 146.134788 126.579652 113.980283 130.263967 147.691476 185.232572 195.128563 178.018971 186.688674 192.427745 173.483817 102.860132 186.462389 203.187826 148.721056 148.685831 152.142780 155.920105 219.657498 139.015811 155.424609 184.443643 116.503602 129.625664 76.623812 197.826763 165.788132 169.110834 146.092795
95.653739 116.138280 117.531750 81.592124 73.714445 85.878210 120.512107 4.179083 0.000000 50.646865 94.443831 73.073777 103.015171 83.141150 85.212068 101.057116 115.683739 78.674296 111.214741 132.417253 168.898961 116.724698 130.955778 142.035172 97.625564 110.684806 121.984067 95.295305 82.561762 113.312832 122.968653 119.513191 163.390131 191.461199 160.166702 147.252847 169.510280 153.571694 165.350287 149.586668 118.546337 130.684141 134.831272 115.276137 118.159366 115.608915 126.485476 118.421249 149.856839 136.486840 105.790369 94.981674 103.503194 107.039215 83.117167 104.206200 71.647574 51.239759 72.891960 37.507770 172.884573 87.411956 130.795786 150.632952 72.388320 113.417565 80.802895 127.738868 143.454533 157.807318 74.911713
120.446752 149.426612 114.647317 140.447356 164.390828 138.354391 74.036289 60.157368 104.174725 0.000000 65.798257 45.263241 61.429764 36.665333 43.626661 90.641448 94.428725 88.930369 99.877937 121.080450 140.653837 97.429739 112.400134 159.260188 116.782229 110.642521 107.255508 48.819488 107.354774 130.537848 137.665564 131.131512 150.111938 178.183006 189.911784 181.717363 193.562516 178.364706 200.429638 177.078018 183.708906 144.631591 129.492906 138.832980 137.842181 145.004551 162.432060 152.327803 156.974630 139.865038 149.826304 168.247186 167.403749 150.827759 187.291892 192.266842 148.800140 154.770843 128.511327 131.453614 181.207152 114.549319 168.589488 176.063994 89.613336 142.724261 56.182963 171.774802 183.099885 152.468952 141.866253
143.514725 144.704085 146.097555 112.765059 102.280251 114.025797 126.687004 35.731555 86.789762 73.228704 0.000000 74.130162 134.567643 109.894036 116.764540 146.813852 161.440475 158.521133 129.071647 150.274159 190.928048 151.206114 162.508250 182.091485 129.178036 156.761753 156.222902 122.048191 133.295237 157.332152 151.534458 157.874633 194.579934 184.408717 162.079535 175.400434 183.424565 197.846044 208.536698 187.319495 161.732748 180.962324 174.308890 154.753755 147.684162 163.295549 152.859686 156.154076 182.634103 168.787938 143.523196 132.714500 129.877404 138.591687 163.636910 166.201899 103.759571 88.972586 88.745471 65.655357 210.617400 48.751063 160.592819 183.203880 152.235157 141.983371 112.355367 141.873897 183.211511 197.284936 100.797063
132.141775 127.133029 149.931597 134.135114 123.650305 135.395851 109.320569 57.101609 108.159816 35.284280 21.370055 0.000000 96.714044 71.949613 78.910941 125.925728 129.713005 118.136709 135.162218 156.364730 174.320527 132.714019 122.123826 181.456621 88.793612 116.377329 125.230725 82.177942 119.049798 130.936518 125.138824 136.100275 182.392755 197.327747 175.221361 162.307506 196.566391 163.551343 181.930199 180.929504 183.102803 125.221734 110.083049 151.764173 151.599238 167.210626 166.254011 177.524131 155.327286 175.149319 164.893251 154.084555 151.247459 159.961742 185.006964 187.571954 125.129625 110.342641 83.248086 87.025412 187.544498 70.121117 173.987144 183.330263 111.850733 145.898447 91.467244 163.243952 160.963494 133.059095 122.167117
116.668027 150.830793 134.856771 139.396296 158.434381 158.563845 70.257564 85.758934 164.183527 60.008802 92.688608 71.745934 0.000000 32.886608 57.537897 58.416510 32.998961 78.545269 80.304433 91.787821 133.547849 75.236037 90.206433 129.987178 111.440006 106.863797 114.386748 45.040763 103.576050 128.169666 138.039777 129.240468 127.918236 144.918257 164.990375 152.076520 185.618289 172.726902 187.005083 211.145303 184.874728 134.397292 125.714181 136.290424 148.888739 142.636370 160.063879 198.896966 207.500966 190.391374 186.266086 175.457391 187.613203 129.062443 198.428581 199.460734 156.946230 131.715476 143.021177 148.912307 159.013450 103.026768 167.390801 172.285269 87.245155 143.187948 54.984276 208.214585 180.731703 148.690228 155.072768
83.781419 117.944185 119.354309 125.950927 148.858106 143.061383 37.370956 52.872326 143.091677 38.916951 59.802000 38.859326 42.454392 0.000000 24.651289 59.581448 74.208071 62.459658 63.212605 84.415117 116.043011 60.764406 75.734802 140.806396 80.116896 73.977189 89.294028 12.154155 70.689441 111.942697 110.973288 96.353860 113.446605 141.517673 153.246451 145.052030 157.637960 141.699373 163.764306 184.933612 154.014387 107.966258 92.827573 103.403816 116.002130 126.550759 135.311053 171.902987 177.754051 160.644459 178.381852 167.573156 165.888087 129.893104 168.567268 183.375123 153.975836 148.774586 122.107412 125.457357 144.541819 108.553063 137.529488 139.398661 71.159544 110.301339 25.122963 200.330350 153.287926 115.803619 146.573245
88.557319 106.598828 124.130209 144.348894 168.292366 143.667129 58.594782 74.096151 161.309814 60.140777 81.025826 60.083151 17.803103 21.223825 0.000000 48.996460 50.802064 45.303709 81.744904 102.947417 97.027176 81.988232 95.232720 123.650446 78.198446 79.093721 97.186214 33.377980 76.315334 94.928106 104.798216 112.350167 130.019543 158.090611 155.510159 142.596305 162.413860 146.475273 168.540206 160.282323 148.185426 121.414889 114.051399 95.206319 94.215521 109.394810 126.822318 148.455934 153.102762 135.993169 175.184013 164.375317 154.542730 108.635852 165.593232 166.219174 151.396527 149.518579 143.331237 146.681183 165.765645 120.829871 134.555451 160.622486 54.003594 109.860902 41.586865 197.132511 146.023369 137.027445 151.349145
84.931343 116.789490 116.484433 121.023958 144.967430 140.191507 83.942658 99.444028 169.259655 85.488653 106.373702 85.431028 40.912480 46.571702 36.181912 0.000000 14.626623 41.677732 57.180385 61.086804 75.131339 56.863699 71.834094 111.614840 74.572470 75.467744 93.560238 58.725856 72.689358 85.594355 79.796661 90.758112 109.545898 126.545919 146.618037 133.704182 158.787883 142.849297 164.914230 174.277766 148.007192 120.811737 123.606796 104.051661 112.342914 105.768833 123.196342 147.295351 166.681843 153.523837 167.893748 157.085052 161.927037 111.592041 161.967255 162.593197 138.573892 113.343138 134.995339 148.125251 140.641112 143.939248 130.929475 162.628217 50.377618 106.642123 61.426441 189.842247 130.538249 146.582842 129.357863
88.799918 120.658066 101.857810 106.397335 130.340807 125.564884 94.061969 90.953842 154.633032 78.578237 126.334973 105.392299 72.360760 66.532973 54.557657 45.216799 0.000000 45.546307 47.305471 58.788860 115.843215 42.237076 57.207471 96.988217 78.441045 79.336320 81.387787 50.235671 76.557933 95.170705 105.040815 112.592766 94.919274 111.919295 131.991413 119.077559 152.619327 146.717872 168.782805 178.146341 151.875767 124.680312 127.475371 107.920236 116.211490 109.637408 127.064917 165.898005 174.502005 157.392413 153.267125 142.458429 154.614242 115.460616 165.835830 166.461772 123.947269 98.716515 120.368715 133.498627 126.014489 174.052586 134.798050 166.496792 54.246193 110.510699 65.295016 175.215624 147.732742 143.250105 129.076745
43.253610 75.111758 78.826500 99.045186 122.988658 102.533574 58.357621 73.858991 129.822744 59.903617 80.788665 59.845991 48.191935 20.986665 30.388833 54.207194 68.833817 0.000000 36.441195 57.643708 90.224665 58.575662 66.224952 78.346738 32.894738 33.790012 51.882505 33.140820 31.011626 49.624398 59.494508 67.046459 84.715834 112.786903 122.677769 109.763914 117.110151 101.171565 123.236497 132.600034 106.329460 79.134005 81.929063 62.373928 70.665182 64.091101 81.518610 124.308870 128.955697 111.846105 145.425429 134.616733 120.249305 69.914309 120.289523 120.915465 113.448027 132.718334 125.129581 117.724672 133.722486 129.539728 89.251743 120.950485 8.699886 64.964391 19.748709 164.880939 102.186435 104.905110 106.045436
69.193039 105.860326 104.765929 130.565968 137.817602 128.473003 120.893730 129.827212 150.340287 117.451606 143.324774 122.382100 94.807406 83.522774 77.004303 81.513526 38.873370 62.536109 0.000000 21.202512 78.256867 22.134467 37.104862 113.573904 68.293945 81.510421 96.253455 89.109041 89.034647 109.473479 104.639156 101.752502 74.816666 102.887734 114.616512 114.270204 132.516718 127.110994 149.175926 177.108058 155.383656 135.676115 132.735419 114.013120 101.413750 117.025138 120.722673 160.080035 176.158127 159.048534 166.834356 156.025660 153.804228 115.834082 157.130350 178.219384 139.387456 127.032127 148.684328 163.794421 105.911880 180.866489 126.092570 146.889913 71.235995 95.712959 82.284818 188.782855 138.965355 123.147496 131.984865
91.198649 123.056797 119.528667 124.068192 148.011664 143.235741 106.302660 108.624700 163.726313 96.249094 125.069666 103.699612 73.604893 68.931704 55.801790 60.311013 17.670857 47.945038 64.976328 0.000000 57.054355 59.625110 70.168546 114.659074 80.839776 81.735051 75.050942 67.906528 78.956664 97.569436 107.439546 114.991497 112.307309 121.532397 147.470625 134.556770 165.055189 149.116603 171.181536 179.367030 154.274498 127.079043 129.874102 110.318967 118.610221 112.036139 129.463648 172.253908 176.900736 159.791144 160.380225 149.571529 168.194343 117.859347 168.234561 168.860503 131.060369 105.829615 127.481815 142.591908 143.402524 173.820729 137.196781 168.895523 56.644924 112.909430 67.693747 182.328724 150.131473 152.850148 146.747602
83.026999 99.433869 118.599890 141.907859 149.339563 136.502169 108.608196 110.650912 154.144854 98.275307 131.039240 110.096566 88.186771 71.237240 70.383668 94.202029 89.993435 50.250575 51.120065 72.322578 0.000000 7.930996 22.901391 63.702246 83.145312 73.426250 90.115915 69.932741 77.201603 95.814375 105.684486 91.761626 60.613195 73.286400 100.413041 91.470932 118.313247 116.275555 138.340488 164.294681 144.486789 125.228678 129.471114 109.915978 115.247711 106.953774 124.381283 163.621046 167.005731 151.158281 173.380642 170.693248 143.651815 112.776982 142.926879 164.015912 153.221416 161.185934 164.902971 162.119683 91.708409 179.790303 111.889099 136.054475 54.889864 109.546920 59.743545 189.548865 124.761883 108.944025 145.818825
75.096004 105.533663 110.668894 133.976863 141.408567 134.375968 100.677200 114.259798 160.244648 102.223195 123.108244 102.165570 85.379891 63.306244 72.708411 96.526773 82.062439 42.319579 43.189069 64.391582 121.445937 0.000000 14.970396 91.439437 75.214316 65.495255 82.184919 75.460399 71.002453 91.943976 101.814087 107.655466 52.682199 80.753267 92.482045 92.135737 110.382252 108.344560 130.409492 158.341624 136.555793 117.297682 123.271963 103.716828 107.316715 99.022778 116.450287 155.690050 159.074735 143.227285 165.449646 162.762252 135.720820 104.845986 134.995884 156.084917 145.290421 164.560727 156.971975 154.188687 83.777413 171.859307 103.958103 128.123480 51.019465 101.615924 62.068288 181.617869 116.830888 101.013029 137.887830
69.124035 103.286801 104.696925 128.652972 152.596444 128.403999 88.182829 99.289402 147.604120 89.728824 110.613873 89.671199 70.409496 50.811872 60.214040 84.032401 78.502287 29.825207 39.628918 60.831430 117.885785 55.596322 0.000000 82.336171 62.719945 50.524859 74.736880 62.966027 56.032057 79.232184 89.102294 96.654245 100.252572 88.885496 90.079196 77.165341 111.424226 125.845705 147.910637 146.020315 121.585398 104.154437 108.301567 88.746432 100.272968 93.698887 111.126396 140.719654 144.104340 128.256890 150.479250 147.791857 120.750424 99.522095 120.025488 141.114521 139.318452 158.458569 151.000006 147.332459 139.373735 159.364935 88.987708 138.547417 38.307672 94.572177 49.573916 166.647473 101.860492 91.525727 131.915861
174.094685 134.647232 171.833678 180.012376 203.955848 171.715532 189.198697 188.759995 189.358217 176.384389 207.965703 186.595648 144.980344 151.827740 138.697827 143.207050 100.566894 130.841075 131.137561 82.896037 139.950392 117.748156 118.064728 0.000000 163.735813 164.631087 157.946979 148.041824 161.852701 180.465473 190.335583 197.887534 129.885481 157.956549 164.188461 176.141081 136.390501 150.811980 170.227762 198.895238 165.112401 173.742651 172.322976 193.215003 201.506257 194.932176 202.085419 230.619400 243.502019 226.392427 239.571571 228.762875 182.591134 200.755384 213.550851 234.639884 213.956406 188.725651 210.377852 209.510276 138.597843 222.422754 203.430452 150.496676 139.540961 195.805466 150.589784 248.002030 190.020597 178.216311 181.319458
43.348164 76.150842 78.921054 104.721093 128.664565 102.628128 84.638060 88.841922 130.861827 76.466316 107.069104 86.126429 70.723183 47.267103 52.920080 72.808062 87.434686 29.343097 61.883542 83.086054 119.567762 78.817309 33.330214 92.703973 0.000000 27.583717 36.437113 48.123751 30.256186 42.142906 36.345212 47.306663 93.599143 108.534135 123.274401 110.360547 117.204704 84.607918 106.672850 122.951509 119.002563 78.378565 82.525696 62.970561 71.704266 78.448336 91.013189 91.786091 123.230394 123.564396 154.920008 144.111312 124.094744 84.271544 129.784102 150.258562 113.542581 132.682698 125.224135 114.181114 131.460757 112.572544 98.746322 104.386837 23.057121 66.003475 49.091806 176.060564 116.543670 105.501742 106.139990
116.798229 139.370270 152.371119 175.417890 195.206367 176.078193 64.366332 61.258205 131.974859 48.882599 109.129909 94.145841 94.227296 66.108481 90.356528 125.689929 127.226257 79.486820 115.928015 137.130528 169.711485 126.872887 129.617622 157.833557 96.287408 0.000000 131.369325 20.540034 110.498445 129.111217 132.632620 143.477603 164.202654 192.273722 162.597017 149.683162 183.942047 174.716183 196.781116 212.086853 185.816279 158.620825 158.936054 140.430355 134.923694 143.577921 154.232617 188.073499 205.857230 188.747638 198.708903 207.330741 187.314172 139.911927 193.003530 200.402285 176.096818 163.699064 177.393926 169.482628 210.650300 139.798754 161.965750 194.495103 88.186705 129.222903 91.231444 220.657402 181.673254 174.303748 173.634346
88.800606 121.603285 124.373497 150.173536 101.378189 130.215060 117.174741 128.281314 132.377378 116.635835 139.605784 118.663110 85.403797 79.803784 89.205952 113.024313 107.494199 58.817119 68.620829 89.823342 146.877697 63.660148 28.991912 62.616419 45.452443 73.036160 0.000000 88.293270 75.708629 87.595349 81.797655 92.759106 67.679428 95.750496 119.071108 106.157253 92.283754 106.705232 128.770165 154.788490 134.022670 106.189555 127.978139 108.423004 117.156709 122.338317 136.465632 137.238534 168.682837 157.248802 179.471162 176.783768 149.742336 128.161525 149.017400 170.106433 158.995023 178.135141 170.676578 144.066156 99.166150 158.024987 117.979619 119.406944 66.947102 111.455918 78.565828 195.639385 130.852404 116.010259 151.592432
96.258195 131.402413 131.831085 157.631124 181.574596 155.538159 43.826298 40.718171 132.517291 28.342565 94.140822 73.605806 89.772329 65.007898 71.969226 113.153979 122.771290 58.946786 95.387981 116.590493 149.171450 117.522448 109.077588 137.293523 75.747374 61.823034 110.829291 0.000000 89.958411 108.571183 112.092586 123.054037 143.662620 171.733688 181.223166 168.309311 170.114735 154.176149 176.241082 191.546819 165.276245 138.080791 140.875849 121.320714 126.955837 123.037886 140.465395 167.533464 185.317196 168.207603 178.168869 193.563519 179.196090 119.371893 179.236308 179.862250 155.556784 183.113408 156.853892 157.819508 192.669271 142.891885 148.198528 173.955069 67.646671 121.255046 78.695495 200.117367 161.133220 163.851895 159.050021
13.091978 47.254744 48.664868 74.464907 98.408379 72.371942 83.757748 80.649622 101.965729 68.274016 116.430909 95.488234 66.687229 56.628908 63.943711 89.668559 87.545295 35.642243 71.940003 69.874438 125.866908 94.074470 68.414217 102.038725 36.651379 36.704417 39.422306 39.931450 0.000000 41.253255 51.123366 45.651440 92.208461 120.279530 93.018215 80.104361 86.948518 71.009932 93.074865 121.006997 99.282594 48.122379 52.269510 32.714375 45.312689 60.924077 64.621612 112.330233 120.057065 102.947473 128.528431 117.719735 95.198645 59.203663 103.392525 124.481558 83.286395 102.426512 94.967949 114.777193 129.730959 128.951019 72.354745 90.788852 39.497849 39.611898 55.210074 150.014510 93.270895 75.245556 75.883804
34.419344 59.799903 53.591339 78.238523 102.181995 73.113569 95.380962 92.347046 114.077808 98.280106 138.558722 117.616048 99.212336 78.756722 84.409699 104.297681 108.872661 60.832716 74.577751 91.201804 148.256159 96.712218 64.819833 89.060812 31.489619 49.397507 49.885976 69.937541 32.525107 0.000000 9.870110 17.422061 109.186243 137.257311 105.566611 106.470461 108.275885 86.712492 108.777424 123.881310 97.610736 80.647487 80.124189 61.931322 61.495623 55.372377 72.799886 109.552059 81.087488 97.089295 130.581446 125.471442 106.347772 61.195585 111.570799 129.368023 104.613761 107.483173 99.894420 110.538286 145.047290 119.667912 80.533019 106.491412 54.546740 57.049889 80.581425 151.474648 113.303472 103.100235 80.810275
27.958734 53.339292 47.130729 72.930769 96.874241 66.652959 85.510852 98.144740 108.050278 90.929013 139.085906 118.143231 89.342226 79.283905 86.598708 110.095375 102.412051 58.297240 80.375445 84.741194 141.795549 102.509912 70.617527 79.190701 37.287313 47.516517 47.978686 62.586447 22.654997 5.797694 0.000000 10.961451 99.316132 127.387201 111.364305 99.451198 101.815275 85.876689 107.941621 114.011200 87.740626 70.777376 71.616347 52.061212 52.880570 45.502267 62.929776 99.681949 86.885182 87.219184 126.410028 115.601332 99.887162 51.325475 101.700689 119.497913 97.186398 101.022563 93.433810 100.668176 142.382152 113.207302 70.662908 105.280306 60.344434 47.179779 77.865071 146.292105 104.688419 94.592393 74.349665
16.997283 42.377842 36.169278 61.969318 85.912790 55.691508 100.130279 95.976131 97.088827 105.112906 136.151866 115.209192 87.077833 76.349866 82.002843 101.890825 91.450600 58.425860 90.186510 73.779743 130.834098 107.900072 62.412977 80.656278 29.082763 56.666480 56.306698 76.770341 36.838891 15.608759 14.619427 0.000000 96.113767 124.184835 101.962254 89.048400 90.853824 74.915238 96.980170 124.912302 102.360053 77.840813 62.702128 61.817364 49.217994 60.121694 68.526917 114.301376 96.696247 101.838612 132.433737 121.625041 88.925711 63.638326 107.297831 128.386864 87.191700 90.061112 82.472359 95.764516 140.163577 102.245851 76.260050 94.694157 52.139884 43.517203 78.174569 153.919816 101.025843 85.678174 63.388214
97.091639 133.039428 132.664529 158.464568 130.880909 154.632818 125.734651 139.962832 161.880099 130.402254 151.287302 130.344628 108.201102 91.485302 90.398000 114.216361 78.076884 70.498637 80.302347 71.899435 128.953790 93.162869 40.673430 84.981320 74.955163 91.198289 29.502720 103.639457 96.705487 117.098069 111.300375 122.261826 0.000000 28.071068 59.169455 46.255600 80.514485 94.935964 117.000896 119.079349 122.253401 64.615483 148.912230 129.419862 129.312350 134.372317 148.621273 157.745053 184.777769 168.930319 175.218079 185.903875 161.423854 140.195525 157.674834 178.763867 167.286056 176.793399 178.967610 173.568877 121.326125 187.527708 129.661137 107.637676 78.981102 123.611559 79.757876 187.245632 142.533922 48.330831 159.883465
77.219199 113.886486 112.792089 138.592128 144.096801 136.499163 97.663583 118.545670 168.597472 117.702098 138.587147 117.644473 105.990417 78.785147 88.187314 112.005676 112.673518 57.798482 85.049587 106.252099 148.023147 106.378760 64.705767 79.706541 88.171054 91.588494 42.718612 90.939302 88.810107 107.422879 116.219313 109.778661 34.596634 0.000000 31.098387 18.184532 52.443416 66.864895 88.929828 91.008281 94.182333 53.866510 120.841162 120.172410 109.439910 121.889583 128.748833 129.673984 168.158483 155.462359 147.147010 157.832807 139.666246 123.860241 129.603766 150.692799 147.413616 166.683922 159.095170 175.523154 93.255057 187.338210 124.378640 79.566607 66.498368 103.739119 77.547191 169.095509 119.090528 37.581857 140.011025
111.189369 147.856657 146.762260 143.736115 167.679587 170.469334 130.229878 145.731248 181.590944 131.775873 152.660922 131.718248 128.095152 92.858922 117.510211 141.718058 133.252829 87.510864 97.314574 118.517086 175.571441 113.281978 57.685656 108.052204 111.973582 108.210516 66.521139 105.013077 113.717714 118.140785 128.010895 135.562846 55.175945 33.970171 0.000000 14.335188 21.345030 35.766509 57.831441 83.849767 63.083946 55.010882 89.742775 110.995426 143.410081 151.384544 99.575696 125.824641 141.473565 124.363972 116.048624 126.734421 125.042970 117.906830 98.505379 119.594412 134.772342 170.073896 189.930922 166.263141 62.156670 201.411985 93.280253 48.468221 95.993329 137.709290 107.259573 137.997122 87.992142 38.955774 141.419958
112.528309 146.691075 148.101199 156.649970 153.564140 171.808273 143.143733 148.548318 184.563329 144.689728 165.574777 144.632103 137.589748 105.772777 130.424066 154.631913 118.917641 100.424719 110.228429 112.740192 169.794547 115.846099 70.599511 93.717015 97.638394 121.124370 52.185951 117.926931 99.436331 103.805597 113.675707 121.227658 40.840757 46.884025 12.913855 0.000000 34.258885 48.680363 70.745296 72.823749 75.997801 40.905238 102.656630 123.909281 144.749020 159.177974 112.287007 111.489453 149.973951 137.277827 128.962478 139.648275 137.956824 130.820685 111.419234 132.508267 147.686197 182.987750 194.404280 179.176995 75.070525 210.210938 106.194108 61.382075 108.907183 139.048229 120.173428 150.910977 100.905997 24.620585 154.333813
152.438838 129.299186 154.926051 122.391085 146.334557 164.904688 196.869258 147.315954 160.245914 181.736518 221.592458 201.400070 159.859593 163.280316 142.056491 173.663849 152.142144 143.663886 153.467596 172.951043 227.876570 168.841304 113.838679 127.647763 150.633598 154.428751 105.181155 174.968785 159.647183 150.152558 149.681605 142.355238 101.051609 100.701211 73.124707 60.210852 0.000000 14.421479 36.486411 62.504737 41.738917 58.914297 68.397746 89.650396 128.786307 144.099691 78.230666 107.245915 120.128535 103.018943 107.614112 105.389391 103.743490 96.561801 77.160349 98.249382 113.427313 148.728866 168.585893 144.918111 72.918574 194.822297 80.056967 27.123191 152.146351 126.463975 139.205364 123.782335 66.647112 84.831437 120.074928
138.017359 114.877707 140.504572 107.969606 131.913078 151.946007 187.600029 132.894475 151.631036 167.315039 207.170979 189.088398 153.227111 150.229072 135.424008 159.242370 137.720665 129.242407 139.046117 160.133680 217.188035 155.013522 99.417200 120.303491 143.289327 147.084480 97.836884 162.383227 150.538237 135.731079 142.337334 127.933759 88.234245 93.356940 60.992748 64.058698 67.242813 0.000000 22.064932 49.997065 34.394645 64.246455 61.053475 82.306125 114.364828 129.678212 63.809187 95.734909 112.784264 95.674671 93.192633 98.045120 96.399219 82.140322 62.738870 83.827904 99.005834 141.384595 163.036795 130.496632 86.878226 180.400818 71.542320 19.778920 137.724872 112.042496 124.783885 109.360856 59.302841 82.235562 112.730657
154.522075 141.529428 174.588511 153.095851 159.998722 178.597728 177.064156 175.695887 190.997912 178.610151 199.495200 178.552526 174.929430 139.693200 164.344489 150.695823 160.911406 134.345142 144.148852 154.733957 211.788312 157.839865 104.519935 135.710781 139.632159 155.044794 94.179716 151.847355 141.430097 145.799362 155.669472 163.221423 82.834522 80.804449 46.834278 41.993766 45.177880 45.126245 0.000000 95.123309 79.520890 82.899003 98.544828 127.432370 159.491073 174.804457 97.893126 113.599160 105.478695 136.218986 138.318878 128.970808 136.623820 127.266566 107.865115 128.954148 144.132078 186.510840 208.163040 175.622877 64.813294 225.527062 105.626258 64.905165 142.827607 157.168741 154.093851 154.487100 87.952501 66.614351 157.856902
184.899059 157.896945 164.600253 141.235858 165.179330 182.173816 215.933268 175.242672 181.232210 200.581291 238.364312 217.421638 194.289397 178.562312 191.466143 189.564935 199.780518 161.077311 170.881021 192.083533 246.519050 178.438766 131.252103 136.840696 160.231061 164.026213 114.778618 184.566247 180.299209 164.672233 158.874539 169.835990 121.703634 119.673561 85.703390 80.862878 84.046992 83.995357 38.869112 0.000000 50.931850 46.856391 77.995208 83.422894 160.868536 176.248252 87.904868 45.737844 79.447718 112.211876 124.997440 114.188745 121.012618 142.442491 120.287681 134.756087 128.607008 157.921800 179.574000 160.097806 103.682406 210.001992 89.249901 103.774277 169.559775 167.413252 180.826020 130.012318 75.840046 98.772767 129.267862
133.967209 106.965095 113.668403 90.304008 114.247480 131.241966 168.503082 124.310821 145.246669 149.649441 190.934126 169.991452 149.250565 131.132126 140.534293 164.352654 158.822540 110.145460 119.949171 141.151683 195.587200 127.506916 80.320253 85.908846 109.299211 113.094363 63.846768 133.634397 130.597685 113.740383 107.942688 118.904139 87.652503 74.265603 59.725601 46.811746 71.179068 51.471017 46.803950 96.672417 0.000000 42.202043 27.063358 47.911479 109.936686 125.316401 36.973018 65.506999 78.389618 61.280026 74.459170 63.650474 70.080767 91.510641 69.355831 83.824236 105.622794 106.989949 128.642150 133.174578 104.524807 182.326021 38.318051 71.249936 118.627925 117.297699 129.894169 82.889629 24.908195 47.840916 78.336011
176.346968 153.207316 178.834181 146.299215 170.242687 152.371358 217.689820 171.224084 180.017421 205.644648 240.120864 219.178190 191.556720 180.318864 173.753617 197.571979 176.050274 159.332199 169.135909 190.338422 247.392777 185.103314 129.506992 158.633101 181.618936 180.031851 136.166493 187.220938 177.126187 174.060689 180.666943 166.263368 126.563854 131.686549 99.322357 98.702231 101.886345 38.329609 56.708465 88.326674 72.724255 0.000000 99.383084 120.635734 152.694437 168.007822 102.138797 96.547748 135.032247 134.004281 131.522242 136.374729 134.728828 120.469931 101.068479 122.157513 137.335443 179.714204 201.366405 168.826241 121.521759 218.730427 109.871929 58.108529 167.814664 150.372105 163.113494 147.690465 97.632450 120.565171 151.060266
122.380930 113.570552 132.866347 119.734767 138.161599 130.266603 141.439724 147.289210 168.281538 134.913604 163.870768 142.928094 122.187207 104.068767 113.470935 137.289296 131.759182 83.082102 92.885813 114.088325 171.142680 100.443558 53.256895 99.399829 82.235853 86.031005 36.783410 106.571039 109.288952 124.378759 118.581065 129.542515 75.041838 99.108483 65.138312 52.224457 86.483342 53.468294 71.847150 100.767557 87.862939 15.138685 0.000000 83.495407 101.187244 117.470928 56.170962 101.059156 111.606415 94.496823 120.077782 109.269086 93.665209 103.960437 94.941875 116.030909 131.208839 136.420709 158.072909 162.605337 77.461449 194.808397 63.904095 73.247214 91.564567 116.832625 102.830811 141.563861 60.460352 22.976046 107.766771
141.936065 133.125687 152.421483 139.289902 157.716734 149.821738 160.233691 166.844346 184.898027 154.468740 182.664735 161.722061 141.742342 122.862735 133.026070 156.844432 151.314317 102.637238 112.440948 133.643460 190.697815 119.998693 72.812030 118.954964 101.790988 105.586140 56.338545 126.126174 128.844087 143.933894 138.136200 149.097651 88.230742 94.274011 60.303840 47.389986 81.648870 64.538179 82.917035 114.535243 98.932824 26.208570 19.555135 0.000000 120.742380 137.026064 75.726098 101.155324 124.534426 114.051958 139.632917 128.824221 113.220344 123.515572 114.497011 103.556695 133.817636 155.975844 177.628044 163.763623 97.016584 213.667808 83.459230 84.317099 111.119702 136.387761 122.385947 149.956215 60.556520 42.531181 127.321906
24.705101 12.383308 45.682444 51.237769 75.181241 49.451608 121.007120 71.273377 67.094293 110.583202 143.438164 122.495490 94.785651 83.636164 87.928652 111.747014 99.158418 65.712158 98.252602 81.487561 138.541916 95.832911 85.411400 112.192922 58.849482 78.802386 64.014517 84.301189 44.546709 47.145403 46.156071 31.536644 48.412465 76.483533 72.903210 59.989355 94.248240 72.591974 87.638478 84.792617 53.969905 34.262365 32.154505 12.599369 0.000000 16.283684 33.711193 76.501453 81.148281 64.038688 97.618012 86.809316 60.327210 14.420331 72.482106 89.207544 57.181006 74.135373 91.985525 71.449593 109.615954 100.158830 41.444326 70.463360 59.426182 15.645381 77.288529 109.386962 51.807849 55.130551 57.652993
55.509779 38.560593 74.681775 34.954085 58.897557 75.628893 126.885033 68.960898 76.300313 94.299518 136.649877 137.855592 125.590329 99.622532 116.413170 138.393095 113.976049 96.938356 118.710279 112.292239 169.346594 115.912913 100.925473 119.168775 67.595259 62.518702 76.725322 83.058736 74.221123 54.121255 53.131924 38.512496 84.703379 112.774447 94.031269 81.117414 113.266317 92.187445 89.042309 68.508933 42.238359 59.935998 53.282563 33.727428 36.290914 0.000000 17.427509 60.217769 64.864596 47.755004 81.334328 70.525632 56.158204 5.823208 56.198422 73.995646 51.684131 74.384815 96.037015 55.165909 130.744012 105.070095 25.160642 59.778039 90.652380 35.725382 106.518113 100.789838 63.927469 76.258610 49.055870
102.671903 90.969921 76.695385 84.001649 98.771693 99.891893 166.475810 108.926518 127.663079 134.173654 178.840433 157.470378 160.356843 129.104853 142.553740 169.054171 140.156140 114.846977 101.282770 122.485283 179.539638 123.417237 93.688983 122.046427 119.481983 106.190270 99.984349 126.730304 103.030581 106.007979 101.614740 90.399220 123.790084 110.403185 95.863182 82.949327 95.838809 74.759936 82.941531 75.538841 36.137581 78.339624 63.200939 63.607045 78.586613 93.966329 0.000000 47.708621 55.435453 38.325861 63.906819 53.098123 38.730695 60.160568 38.770913 59.859946 75.037876 117.603490 122.998466 106.528675 140.662388 156.432860 7.733133 42.350530 112.690781 90.062743 134.595686 85.392898 46.499960 83.978498 93.937492
147.650271 130.762407 164.917065 119.638139 143.581611 166.687094 214.421367 153.644952 174.580800 178.983571 236.852411 215.909737 148.551553 177.050411 182.703388 206.968063 181.550514 159.126405 171.197833 192.400345 225.976981 178.755578 131.568915 137.157508 160.547873 164.343025 115.095430 184.883059 160.171149 153.175430 152.186098 137.566671 138.901165 125.514265 110.974263 98.060408 115.212411 102.719679 70.034531 31.165419 51.248662 78.021810 78.312020 99.160142 127.376199 142.987586 88.221680 0.000000 38.484499 112.528688 87.978456 98.907944 105.525895 126.955769 103.615748 124.704782 139.882712 158.238611 137.621535 162.508709 134.847824 183.249403 89.566713 99.523512 152.840429 121.675408 178.875114 84.274474 76.156858 99.089578 129.584674
130.982605 119.280623 148.914416 81.153640 105.097112 128.202595 189.977181 115.160453 136.096301 140.499073 204.067076 184.055147 176.062305 152.606225 158.259202 188.889413 201.899168 134.682219 163.025799 184.228311 187.492482 184.156430 152.784390 165.199962 138.962451 166.245265 143.137884 163.052175 131.341283 135.723136 129.925442 126.692842 138.461803 153.556719 135.624204 126.102862 133.967806 130.762132 88.789926 49.920814 79.291116 96.777205 106.354474 91.917747 106.897315 122.277031 90.023678 95.658658 0.000000 109.995946 49.493957 60.423446 67.041396 88.471270 88.500787 91.934496 115.324027 145.507577 162.784146 124.024210 153.603220 144.764904 95.595808 132.374208 128.396243 110.801579 154.430928 70.387160 97.378344 127.132032 127.145593
108.004235 92.176739 129.363186 93.463138 117.406610 129.245040 192.317388 127.469951 144.117522 152.808571 185.597867 189.238309 161.014318 165.724475 164.571781 199.477177 181.507750 147.800469 171.536933 163.836893 199.618108 162.216902 142.481276 149.620273 127.003398 154.587115 127.558194 148.491090 120.525113 113.529394 112.540063 97.920635 130.741859 137.977030 107.098653 94.184798 121.259972 115.182443 76.082092 37.212980 63.711427 84.069371 90.774785 100.329533 87.730163 103.341551 87.129144 12.462765 17.109592 0.000000 39.190843 28.382148 75.552531 96.982404 83.265170 76.490855 106.751795 110.149079 131.801280 136.333708 128.863197 161.874496 85.292694 111.986277 141.514493 82.029372 165.018692 61.139342 64.667754 111.552343 81.495141
82.162030 69.840236 103.139372 82.544363 95.014843 97.522886 170.835591 116.500582 124.551222 130.416804 186.851892 165.481837 152.242580 133.464635 140.184733 166.685164 156.615347 112.477970 132.346090 138.944490 195.998845 141.495152 103.290433 156.804178 106.281647 129.847008 117.576583 132.372466 99.803363 92.807644 91.818312 77.198885 105.869393 133.940461 121.541878 108.628024 128.571734 122.366349 101.006712 62.137600 70.895332 87.446608 80.793173 61.238038 57.456928 73.740612 59.343969 74.020049 62.708704 61.557285 0.000000 73.229616 36.361688 57.791561 46.344978 42.440539 72.701479 111.743910 133.396110 104.192278 158.254622 154.096463 46.101851 101.694500 110.321774 61.307622 132.226679 21.948498 87.703554 103.769219 83.089972
79.622088 63.794592 100.981038 93.353059 105.823538 100.862892 163.935240 122.684660 118.505577 141.225499 192.520060 171.150006 149.702638 137.342328 136.189634 171.095030 153.125602 119.418322 143.154786 135.454745 192.509100 133.834755 114.099128 150.194766 98.621250 126.204967 118.931503 120.108943 92.142966 85.147247 84.157915 69.538488 106.243788 134.314856 132.251226 119.337371 139.380430 100.080525 111.815408 72.946296 81.704028 93.610381 90.669685 71.947385 59.348016 74.959403 70.152665 80.178325 54.875166 70.685997 10.808696 0.000000 47.170383 68.600257 54.883023 48.108707 78.369648 114.373613 117.474172 109.860446 168.131134 151.570113 56.910546 112.503195 113.132346 53.647225 136.636545 32.757194 98.512250 113.645731 85.719675
63.941208 52.239226 85.538363 61.863028 60.040998 61.161199 134.473904 83.971008 91.040188 95.442959 152.256542 135.962274 121.626148 97.102948 103.823045 130.323476 134.857772 76.116282 95.984402 117.186915 166.340947 118.118869 97.688381 120.442490 96.192639 101.004303 81.214896 96.010779 64.299886 68.681740 62.884046 67.223311 88.268383 108.799248 85.180191 72.266336 92.210046 86.004661 81.337594 85.693423 34.533645 51.084920 44.431486 24.876350 39.855918 55.235634 22.982282 62.464740 78.417735 61.308143 83.285510 76.080405 0.000000 21.429873 61.753195 82.842228 67.290797 93.316474 114.968674 93.153991 121.892935 127.107728 30.715415 65.332812 73.960086 51.332048 95.864991 103.774057 59.441840 67.407532 64.662536
55.877038 32.737385 69.923831 55.200659 79.144131 69.805685 139.985335 89.207472 87.448371 114.546092 130.826669 141.473705 125.957588 102.614379 112.444583 132.569887 129.380552 94.150411 122.915659 111.709695 168.764050 110.089705 100.716251 126.449716 74.762766 102.346483 84.242765 104.655266 68.397915 53.590758 60.412865 45.793437 80.636971 108.708040 88.208061 75.294206 109.553090 92.442399 110.821255 97.675591 76.340761 54.112790 47.459356 27.904220 32.224507 47.537891 54.911889 100.965648 99.339733 93.237749 118.818708 108.010012 70.623685 0.000000 93.682802 114.771835 45.860924 71.886600 93.538801 77.351722 124.920805 105.677854 62.645021 97.262419 87.864435 29.902175 105.102978 94.966630 84.032355 70.435402 43.232662
102.317759 89.995965 112.991512 45.230736 69.174208 98.011079 164.391585 70.155605 88.892166 104.576169 160.420353 139.050298 127.633037 127.020629 148.202829 181.237902 160.631999 132.719612 157.245392 159.100219 206.794842 168.501315 133.744195 180.148987 133.174376 130.322361 139.142579 132.860659 122.159366 109.374073 103.576379 104.205048 126.025122 154.096190 146.441181 133.527326 153.471036 137.259989 131.460475 92.591363 94.240141 111.875022 105.692476 86.137341 77.612657 93.896341 62.500053 95.098059 75.702265 82.635294 30.453762 46.724896 61.260990 58.411611 0.000000 21.089033 36.266963 78.832576 100.484777 67.757761 183.153925 117.661947 70.233186 104.850583 126.433636 88.313785 146.779417 46.621985 109.000013 128.668522 55.166579
116.088657 106.807733 95.805018 61.128553 70.630632 91.255981 159.252113 82.070159 82.886144 106.032593 144.411353 123.041299 153.010665 129.554585 135.207562 165.837773 162.475707 111.630579 144.171023 165.373536 201.855244 161.104790 160.184554 174.142965 140.914001 127.650223 149.100091 126.105561 116.010811 125.682534 119.884839 112.551629 149.256930 162.499722 147.959720 135.045865 159.413187 139.705135 135.038068 133.542966 88.234119 130.436161 115.297477 113.165865 102.361157 117.972545 94.468365 102.377548 127.275811 110.166219 127.377164 116.568468 88.289514 88.492340 133.239278 0.000000 30.260941 72.826554 94.478754 61.751739 190.267671 111.655925 102.201498 136.818895 105.344603 96.660366 131.379288 149.325663 109.712881 136.075035 49.160557
85.827716 76.546792 84.186995 30.867612 40.369691 69.206562 128.991172 51.809219 52.625203 75.771652 141.569908 120.703912 137.201415 110.850924 119.398313 153.682319 132.214766 111.728395 144.268839 142.610176 192.431719 139.266359 129.923613 143.882024 110.653060 97.389282 118.839151 104.056142 93.961391 95.421593 89.623899 82.290688 118.995989 132.238781 117.698779 104.784924 129.152246 109.444194 104.777128 103.282025 57.973178 100.175221 85.036536 82.904924 72.100216 87.711604 64.207424 72.116607 97.014871 79.905278 97.116223 86.307527 58.028574 58.231399 102.978337 119.794926 0.000000 42.565613 64.217814 31.490798 160.006731 81.394984 71.940557 106.557954 105.442419 66.399426 128.433031 119.064722 79.451941 105.814094 18.899616
87.072268 94.092242 91.227462 30.352365 54.295837 57.583339 127.951631 57.080714 57.896698 72.498500 138.296756 117.761741 130.461063 101.057928 116.125160 158.953814 157.445520 114.465616 147.006061 143.854728 191.916471 135.621440 132.879559 151.122861 99.549345 100.345431 121.760475 84.125333 82.338169 86.075341 85.086010 70.466582 136.541438 157.469535 127.114424 120.399174 148.459454 116.709177 130.007882 98.346909 83.203932 123.761302 110.267290 97.552733 89.645666 105.257053 89.438178 67.181490 98.617080 85.247081 54.550610 43.741914 72.676382 72.452554 85.817358 77.229313 25.230754 0.000000 21.652201 36.762293 121.644814 75.336071 79.556026 99.393193 108.179640 83.944875 126.180891 76.499109 104.682695 131.044848 44.130370
112.848145 117.206767 143.860736 76.099960 100.043432 128.880303 151.114330 66.661974 62.482891 113.129756 148.488101 130.026334 165.498062 145.624041 147.694960 163.540007 178.166631 141.157188 173.697632 169.630605 226.684960 179.207589 180.322740 203.606942 146.992526 86.747998 152.157560 107.288032 132.689753 138.559422 137.570091 122.950663 159.655964 187.727032 173.649172 160.735318 186.704686 170.766100 192.831032 163.928358 166.730097 139.553901 132.900467 113.345332 112.760191 128.371579 132.069114 139.178142 143.824970 126.715378 132.918865 137.647309 136.893012 127.180523 118.411263 126.645385 110.270347 93.905394 0.000000 88.410583 210.361916 53.683871 139.802247 174.419645 134.871211 107.059400 143.285787 154.867363 164.568040 155.876513 92.347995
77.859368 98.663029 82.014562 73.747459 56.239194 48.370440 97.500374 20.318420 21.134405 53.427535 110.583169 89.213114 112.916544 79.360126 95.113441 122.191521 136.818144 99.808701 130.070431 134.641828 190.033366 107.775561 122.745956 163.169577 109.776649 91.132532 112.547575 83.220020 73.125269 94.621075 104.491186 110.418831 148.538878 156.629102 122.658932 109.745077 144.003962 135.777323 157.842255 141.742003 126.599026 121.247649 121.287487 101.732351 101.643106 116.637482 120.952029 110.576584 142.012174 128.642175 81.781700 87.137009 116.071477 73.828131 104.251571 120.624408 68.625848 43.395094 65.047295 0.000000 148.189747 49.904186 122.951121 142.788287 93.522725 95.942315 96.942233 103.730198 139.585319 134.365662 67.933860
119.140212 155.807499 154.713102 158.838785 168.727483 178.420176 123.950683 144.832770 199.726672 159.623111 149.851550 128.481496 146.047676 120.706160 128.244573 137.814582 114.992937 99.719495 114.680936 109.746008 166.800363 131.009442 77.045870 104.825865 112.801737 127.570729 67.349294 132.860315 130.731120 147.364538 149.146949 151.699674 37.846573 41.921013 54.881879 43.558941 76.226909 50.869179 72.934111 100.866244 85.263824 77.601988 111.922653 133.175304 151.360923 163.810596 114.678366 125.864238 163.653443 146.543850 144.061812 136.801869 147.268398 133.009501 113.608049 134.697082 149.875013 192.253774 201.016183 181.365811 0.000000 198.602613 122.411499 70.648099 108.419381 145.660132 117.604449 160.230035 100.066041 68.179526 163.599836
100.865638 97.831448 99.224918 64.013996 55.407613 84.244484 152.727103 75.545150 71.974199 90.809574 147.516116 126.146061 129.901303 127.474907 112.098200 135.916562 150.543185 126.766317 158.731737 157.648098 209.125377 163.002290 144.961536 183.852522 125.690983 116.555767 140.175054 119.094065 108.999314 110.459515 104.661821 110.688106 147.707297 135.657654 166.756041 153.842186 174.722179 156.930700 170.229405 138.568432 123.425455 135.073889 132.133193 113.410894 100.811524 116.422912 120.120447 107.403013 137.146468 120.036875 94.772134 83.963438 112.897906 112.674078 126.038882 117.450837 65.452277 40.221523 39.994409 55.226729 161.866337 0.000000 119.777550 139.614716 120.480341 95.110733 101.458077 116.720632 144.904218 155.109239 52.046000
95.649158 84.001943 117.301079 76.268516 91.803715 92.923915 158.742677 101.193385 119.929946 127.205676 181.173721 160.231047 153.388865 121.371721 135.585762 162.086193 132.423007 107.878999 93.549638 114.752150 171.806505 115.684104 129.451097 152.205207 111.748850 132.767019 112.977612 127.773495 96.062603 98.274846 94.646762 82.666087 120.031100 140.561964 116.942907 104.029053 88.105676 102.527155 113.100311 76.482162 66.296361 82.847637 76.194202 56.639067 71.618635 86.998351 54.744998 51.731947 55.116632 39.269182 61.491543 58.804149 31.762716 53.192590 31.037780 52.126813 67.304744 109.870357 131.522557 98.795542 153.655651 148.699728 0.000000 97.095529 105.722803 83.094765 127.627708 77.659766 91.204556 99.170248 86.204359
140.561507 121.580820 128.284128 104.919734 128.863206 137.781497 171.241603 138.926547 159.862395 164.265166 205.145322 184.202648 163.461761 145.343322 154.745490 178.563851 173.033737 124.356657 134.160367 155.362880 200.753379 141.718113 94.531450 100.524572 123.510407 127.305560 78.057964 147.845594 139.569518 128.356108 122.558414 133.519865 102.268229 73.578020 74.341327 61.427472 85.794794 66.086742 53.173228 64.184262 14.615726 44.467536 41.274555 62.527205 116.476217 131.855933 51.588743 80.122724 93.005344 75.895752 89.074896 78.266200 76.620299 98.050172 83.971557 98.439962 120.238520 121.605675 143.257876 147.790304 117.986522 196.941746 52.933776 0.000000 132.839122 127.952347 144.105366 97.505354 39.523921 62.456642 92.951737
35.403717 66.411872 70.976607 90.345300 114.288772 94.683682 61.580938 77.082308 121.122858 63.126934 84.011982 63.069308 47.666062 24.209982 29.862959 60.493170 75.119793 6.285976 38.826420 60.028933 96.510641 55.760188 70.730583 69.646852 39.180714 38.296486 58.168481 36.364137 22.311740 40.924512 50.794622 58.346573 91.001810 119.072879 115.329955 102.416100 109.260258 93.321672 115.386604 123.900148 97.629574 70.434119 74.581250 55.026115 61.965296 55.391215 72.818724 115.608984 120.255812 103.146219 136.725543 125.916847 111.549419 61.214423 111.589637 127.201441 105.598134 124.738252 117.279689 109.024787 125.022600 132.763045 80.551857 113.100592 0.000000 56.264505 26.034685 156.181053 93.486549 97.557296 98.195543
25.974863 10.147367 47.333814 48.749673 72.693145 47.215667 116.021542 69.037436 64.858353 106.769757 149.138955 128.108807 96.055413 89.336955 82.542409 117.447805 99.478378 71.412949 93.564177 81.807521 138.861876 80.187530 78.304240 96.547541 44.974026 72.557743 65.284278 78.427191 38.495741 31.500022 30.510690 15.891263 52.596563 80.667632 78.604001 65.690146 99.831404 78.292765 93.339269 89.821111 59.670696 39.963156 37.022460 18.300160 5.700791 21.312179 25.009714 72.718335 80.445167 63.335575 88.916533 78.107837 58.091269 20.121122 63.780627 84.869660 62.881797 71.899432 93.551633 76.478087 114.483909 97.922889 32.742847 67.360244 65.126973 0.000000 82.989320 110.402612 57.508640 59.998506 56.819593
99.197443 117.238952 134.770333 138.135931 162.079403 154.307253 69.234905 80.355403 171.949938 67.979798 91.665949 70.723275 28.443226 31.863949 10.640124 34.458485 49.085108 55.943832 57.273660 78.476172 107.667300 79.408127 80.081844 134.290570 88.838570 89.733844 92.498118 39.637232 86.955458 105.568230 114.255146 103.003180 132.090325 160.161394 166.150283 153.236428 173.053983 157.115397 179.180329 170.922447 158.825549 132.055012 124.691522 105.846443 104.855644 120.034933 137.462442 159.096058 163.742885 146.633293 173.898068 171.210674 144.169242 119.275975 143.444305 164.533339 162.036651 147.801623 153.971361 151.489251 163.185540 131.469994 112.406525 171.262610 64.643718 120.501025 0.000000 190.066291 156.663493 118.655293 161.989268
111.193694 98.871900 132.171036 121.913845 145.857317 135.940201 207.495713 155.920658 153.582886 181.259278 225.206653 208.984082 181.274244 170.124756 174.417245 198.235606 185.647011 152.200750 184.741195 167.976154 225.030509 182.321503 165.380246 189.218551 145.338075 165.290978 150.503109 170.789781 131.035301 133.633995 132.644664 118.025236 134.901057 162.972125 138.081245 133.240732 136.424847 136.373211 91.246967 52.377855 103.309705 99.234246 114.624229 99.087962 86.488592 102.772276 120.199785 52.071551 40.760205 39.608786 62.089813 51.281117 98.451501 100.908924 106.164140 99.389825 129.650765 125.573840 147.226041 157.938185 156.060261 185.525109 108.191664 151.595063 145.914774 102.133973 163.777121 0.000000 104.276541 137.600275 121.103928
125.133293 86.053527 99.156774 106.026065 121.233082 122.353283 188.500226 130.950934 140.764513 156.635043 201.301822 179.931768 182.479859 151.129269 165.015130 191.515561 162.180556 137.308367 123.307186 144.509699 201.564054 145.441653 113.549547 144.507816 141.506399 128.651660 97.076062 149.191694 125.491971 128.032395 124.076130 112.423636 135.334491 130.637680 118.324572 105.410717 117.863225 88.920286 105.402920 71.764222 58.598971 50.590676 60.292652 86.068435 101.048003 116.427719 22.461389 40.598803 77.896843 60.787250 86.368209 75.559513 61.192084 82.621958 60.795329 81.884362 97.062292 139.627905 131.130324 128.553091 137.754101 173.829049 29.757549 57.059660 135.152170 103.463339 157.057076 89.399695 0.000000 83.268698 115.961908
145.952253 160.310907 181.525143 162.583868 186.527340 168.656010 216.215805 187.508737 196.302073 188.312159 242.116672 220.746617 199.547505 188.916264 190.038270 213.856631 192.334927 168.502519 185.420562 202.011130 258.727184 201.387966 145.791644 174.917753 169.511655 169.564692 152.451146 172.791726 132.860276 174.113531 183.983642 178.511716 130.111695 130.027513 96.057343 110.392531 117.402372 54.614262 72.993118 77.791511 89.008907 16.284652 115.667736 105.211933 168.979090 156.420191 118.423449 112.832401 151.316899 150.288933 147.806894 152.659381 151.013480 136.754583 117.353132 133.944884 153.620095 195.998856 217.651057 185.110893 92.265121 190.868757 122.728269 74.393181 172.358125 166.656758 179.398146 163.975117 113.917103 0.000000 167.344919
81.369494 78.335303 77.530927 11.967996 35.911468 61.096360 136.557960 45.974810 66.910658 71.313429 129.113222 107.743167 132.743193 107.978762 114.940090 156.235239 113.315150 102.028045 134.568489 138.151954 173.532103 151.502256 125.465391 140.750328 100.106463 97.059622 105.879840 95.945940 85.851189 86.632459 85.165676 71.023700 128.211152 156.282220 154.218589 141.304735 155.226034 139.287448 150.915512 127.000847 104.111562 115.577745 112.637049 93.914749 81.315380 96.926767 93.714143 95.835428 127.271018 113.901019 83.204548 72.395852 70.731861 92.161735 114.471296 105.883251 46.138384 28.653938 50.306138 54.838567 150.298752 103.990009 101.447276 128.047131 95.742069 75.614589 121.776754 105.153047 100.936185 135.613095 0.000000
DEMAND_SECTION
1  0
2  2
3  2
4  10
5  3
6  10
7  5
8  2
9  6
10  5
11  2
12  10
13  3
14  9
15  5
16  2
17  4
18  4
19  4
20  5
21  8
22  8
23  7
24  1
25  10
26  8
27  7
28  2
29  7
30  8
31  1
32  8
33  8
34  1
35  4
36  8
37  3
38  2
39  4
40  3
41  9
42  5
43  9
44  7
45  6
46  4
47  7
48  7
49  9
50  9
51  7
52  6
53  8
54  8
55  2
56  6
57  9
58  8
59  8
60  9
61  10
62  2
63  7
64  3
65  7
66  2
67  5
68  4
69  5
70  1
71  8
DEPOT_SECTION
1
-1
EOF
