NAME: p43
TYPE : ACVRP
COMMENT : COMMENT: Asymmetric TSP (Repetto,Pekny) with demands added, capacity=40
DIMENSION: 43
EDGE_WEIGHT_TYPE : EXPLICIT
EDGE_WEIGHT_FORMAT : FULL_MATRIX
CAPACITY : 40
EDGE_WEIGHT_SECTION
0.000000 26.000000 26.000000 26.000000 10.000000 60.000000 60.000000 60.000000 68.000000 68.000000 68.000000 68.000000 92.000000 92.000000 92.000000 116.000000 116.000000 116.000000 164.000000 164.000000 164.000000 84.000000 36.000000 36.000000 42.000000 46.000000 120.000000 27.000000 27.000000 61.000000 61.000000 69.000000 69.000000 93.000000 93.000000 21.000000 27.000000 31.000000 372.000000 372.000000 446.000000 446.000000 446.000000
36.000000 0.000000 0.000000 0.000000 36.000000 6.000000 6.000000 6.000000 10.000000 10.000000 10.000000 10.000000 12.000000 12.000000 12.000000 16.000000 16.000000 16.000000 96.000000 96.000000 96.000000 64.000000 22.000000 22.000000 16.000000 22.000000 30.000000 1.000000 1.000000 7.000000 7.000000 11.000000 11.000000 13.000000 13.000000 7.000000 1.000000 7.000000 348.000000 348.000000 356.000000 356.000000 356.000000
36.000000 0.000000 0.000000 0.000000 36.000000 6.000000 6.000000 6.000000 10.000000 10.000000 10.000000 10.000000 12.000000 12.000000 12.000000 16.000000 16.000000 16.000000 96.000000 96.000000 96.000000 64.000000 22.000000 22.000000 16.000000 22.000000 30.000000 1.000000 1.000000 7.000000 7.000000 11.000000 11.000000 13.000000 13.000000 7.000000 1.000000 7.000000 348.000000 348.000000 356.000000 356.000000 356.000000
36.000000 0.000000 0.000000 0.000000 36.000000 6.000000 6.000000 6.000000 10.000000 10.000000 10.000000 10.000000 12.000000 12.000000 12.000000 16.000000 16.000000 16.000000 96.000000 96.000000 96.000000 64.000000 22.000000 22.000000 16.000000 22.000000 30.000000 1.000000 1.000000 7.000000 7.000000 11.000000 11.000000 13.000000 13.000000 7.000000 1.000000 7.000000 348.000000 348.000000 356.000000 356.000000 356.000000
10.000000 26.000000 26.000000 26.000000 0.000000 26.000000 26.000000 26.000000 30.000000 30.000000 30.000000 30.000000 32.000000 32.000000 32.000000 36.000000 36.000000 36.000000 116.000000 116.000000 116.000000 84.000000 46.000000 46.000000 42.000000 36.000000 50.000000 27.000000 27.000000 27.000000 27.000000 31.000000 31.000000 33.000000 33.000000 31.000000 27.000000 21.000000 362.000000 362.000000 376.000000 376.000000 376.000000
74.000000 6.000000 6.000000 6.000000 36.000000 0.000000 0.000000 0.000000 4.000000 4.000000 4.000000 4.000000 6.000000 6.000000 6.000000 12.000000 12.000000 12.000000 24.000000 24.000000 24.000000 112.000000 60.000000 60.000000 22.000000 22.000000 26.000000 7.000000 7.000000 1.000000 1.000000 5.000000 5.000000 7.000000 7.000000 45.000000 7.000000 7.000000 348.000000 348.000000 352.000000 352.000000 352.000000
74.000000 6.000000 6.000000 6.000000 36.000000 0.000000 0.000000 0.000000 4.000000 4.000000 4.000000 4.000000 6.000000 6.000000 6.000000 12.000000 12.000000 12.000000 24.000000 24.000000 24.000000 112.000000 60.000000 60.000000 22.000000 22.000000 26.000000 7.000000 7.000000 1.000000 1.000000 5.000000 5.000000 7.000000 7.000000 45.000000 7.000000 7.000000 348.000000 348.000000 352.000000 352.000000 352.000000
74.000000 6.000000 6.000000 6.000000 36.000000 0.000000 0.000000 0.000000 4.000000 4.000000 4.000000 4.000000 6.000000 6.000000 6.000000 12.000000 12.000000 12.000000 24.000000 24.000000 24.000000 112.000000 60.000000 60.000000 22.000000 22.000000 26.000000 7.000000 7.000000 1.000000 1.000000 5.000000 5.000000 7.000000 7.000000 45.000000 7.000000 7.000000 348.000000 348.000000 352.000000 352.000000 352.000000
82.000000 10.000000 10.000000 10.000000 40.000000 4.000000 4.000000 4.000000 0.000000 0.000000 0.000000 0.000000 12.000000 12.000000 12.000000 16.000000 16.000000 16.000000 24.000000 24.000000 24.000000 112.000000 68.000000 68.000000 26.000000 26.000000 30.000000 11.000000 11.000000 5.000000 5.000000 1.000000 1.000000 13.000000 13.000000 53.000000 11.000000 11.000000 352.000000 352.000000 356.000000 356.000000 356.000000
82.000000 10.000000 10.000000 10.000000 40.000000 4.000000 4.000000 4.000000 0.000000 0.000000 0.000000 0.000000 12.000000 12.000000 12.000000 16.000000 16.000000 16.000000 24.000000 24.000000 24.000000 112.000000 68.000000 68.000000 26.000000 26.000000 30.000000 11.000000 11.000000 5.000000 5.000000 1.000000 1.000000 13.000000 13.000000 53.000000 11.000000 11.000000 352.000000 352.000000 356.000000 356.000000 356.000000
82.000000 10.000000 10.000000 10.000000 40.000000 4.000000 4.000000 4.000000 0.000000 0.000000 0.000000 0.000000 12.000000 12.000000 12.000000 16.000000 16.000000 16.000000 24.000000 24.000000 24.000000 112.000000 68.000000 68.000000 26.000000 26.000000 30.000000 11.000000 11.000000 5.000000 5.000000 1.000000 1.000000 13.000000 13.000000 53.000000 11.000000 11.000000 352.000000 352.000000 356.000000 356.000000 356.000000
82.000000 10.000000 10.000000 10.000000 40.000000 4.000000 4.000000 4.000000 0.000000 0.000000 0.000000 0.000000 12.000000 12.000000 12.000000 16.000000 16.000000 16.000000 24.000000 24.000000 24.000000 112.000000 68.000000 68.000000 26.000000 26.000000 30.000000 11.000000 11.000000 5.000000 5.000000 1.000000 1.000000 13.000000 13.000000 53.000000 11.000000 11.000000 352.000000 352.000000 356.000000 356.000000 356.000000
106.000000 12.000000 12.000000 12.000000 42.000000 6.000000 6.000000 6.000000 6.000000 6.000000 6.000000 6.000000 0.000000 0.000000 0.000000 12.000000 12.000000 12.000000 24.000000 24.000000 24.000000 124.000000 92.000000 92.000000 28.000000 28.000000 24.000000 13.000000 13.000000 7.000000 7.000000 7.000000 7.000000 1.000000 1.000000 77.000000 13.000000 13.000000 354.000000 354.000000 350.000000 350.000000 350.000000
106.000000 12.000000 12.000000 12.000000 42.000000 6.000000 6.000000 6.000000 6.000000 6.000000 6.000000 6.000000 0.000000 0.000000 0.000000 12.000000 12.000000 12.000000 24.000000 24.000000 24.000000 124.000000 92.000000 92.000000 28.000000 28.000000 24.000000 13.000000 13.000000 7.000000 7.000000 7.000000 7.000000 1.000000 1.000000 77.000000 13.000000 13.000000 354.000000 354.000000 350.000000 350.000000 350.000000
106.000000 12.000000 12.000000 12.000000 42.000000 6.000000 6.000000 6.000000 6.000000 6.000000 6.000000 6.000000 0.000000 0.000000 0.000000 12.000000 12.000000 12.000000 24.000000 24.000000 24.000000 124.000000 92.000000 92.000000 28.000000 28.000000 24.000000 13.000000 13.000000 7.000000 7.000000 7.000000 7.000000 1.000000 1.000000 77.000000 13.000000 13.000000 354.000000 354.000000 350.000000 350.000000 350.000000
130.000000 16.000000 16.000000 16.000000 46.000000 12.000000 12.000000 12.000000 16.000000 16.000000 16.000000 16.000000 12.000000 12.000000 12.000000 0.000000 0.000000 0.000000 12.000000 12.000000 12.000000 232.000000 116.000000 116.000000 32.000000 32.000000 28.000000 17.000000 17.000000 13.000000 13.000000 17.000000 17.000000 13.000000 13.000000 101.000000 17.000000 17.000000 358.000000 358.000000 354.000000 354.000000 354.000000
130.000000 16.000000 16.000000 16.000000 46.000000 12.000000 12.000000 12.000000 16.000000 16.000000 16.000000 16.000000 12.000000 12.000000 12.000000 0.000000 0.000000 0.000000 12.000000 12.000000 12.000000 232.000000 116.000000 116.000000 32.000000 32.000000 28.000000 17.000000 17.000000 13.000000 13.000000 17.000000 17.000000 13.000000 13.000000 101.000000 17.000000 17.000000 358.000000 358.000000 354.000000 354.000000 354.000000
130.000000 16.000000 16.000000 16.000000 46.000000 12.000000 12.000000 12.000000 16.000000 16.000000 16.000000 16.000000 12.000000 12.000000 12.000000 0.000000 0.000000 0.000000 12.000000 12.000000 12.000000 232.000000 116.000000 116.000000 32.000000 32.000000 28.000000 17.000000 17.000000 13.000000 13.000000 17.000000 17.000000 13.000000 13.000000 101.000000 17.000000 17.000000 358.000000 358.000000 354.000000 354.000000 354.000000
178.000000 96.000000 96.000000 96.000000 126.000000 24.000000 24.000000 24.000000 24.000000 24.000000 24.000000 24.000000 24.000000 24.000000 24.000000 12.000000 12.000000 12.000000 0.000000 0.000000 0.000000 352.000000 164.000000 164.000000 112.000000 112.000000 40.000000 97.000000 97.000000 25.000000 25.000000 25.000000 25.000000 25.000000 25.000000 149.000000 97.000000 97.000000 438.000000 438.000000 366.000000 366.000000 366.000000
178.000000 96.000000 96.000000 96.000000 126.000000 24.000000 24.000000 24.000000 24.000000 24.000000 24.000000 24.000000 24.000000 24.000000 24.000000 12.000000 12.000000 12.000000 0.000000 0.000000 0.000000 352.000000 164.000000 164.000000 112.000000 112.000000 40.000000 97.000000 97.000000 25.000000 25.000000 25.000000 25.000000 25.000000 25.000000 149.000000 97.000000 97.000000 438.000000 438.000000 366.000000 366.000000 366.000000
178.000000 96.000000 96.000000 96.000000 126.000000 24.000000 24.000000 24.000000 24.000000 24.000000 24.000000 24.000000 24.000000 24.000000 24.000000 12.000000 12.000000 12.000000 0.000000 0.000000 0.000000 352.000000 164.000000 164.000000 112.000000 112.000000 40.000000 97.000000 97.000000 25.000000 25.000000 25.000000 25.000000 25.000000 25.000000 149.000000 97.000000 97.000000 438.000000 438.000000 366.000000 366.000000 366.000000
70.000000 46.000000 46.000000 46.000000 76.000000 56.000000 56.000000 56.000000 56.000000 56.000000 56.000000 56.000000 76.000000 76.000000 76.000000 160.000000 160.000000 160.000000 232.000000 232.000000 232.000000 0.000000 24.000000 24.000000 30.000000 30.000000 96.000000 46.000000 46.000000 56.000000 56.000000 56.000000 56.000000 76.000000 76.000000 40.000000 46.000000 46.000000 380.000000 380.000000 446.000000 446.000000 446.000000
46.000000 22.000000 22.000000 22.000000 56.000000 56.000000 56.000000 56.000000 64.000000 64.000000 64.000000 64.000000 88.000000 88.000000 88.000000 112.000000 112.000000 112.000000 160.000000 160.000000 160.000000 48.000000 0.000000 0.000000 6.000000 10.000000 84.000000 22.000000 22.000000 56.000000 56.000000 64.000000 64.000000 88.000000 88.000000 16.000000 22.000000 26.000000 360.000000 360.000000 434.000000 434.000000 434.000000
46.000000 22.000000 22.000000 22.000000 56.000000 56.000000 56.000000 56.000000 64.000000 64.000000 64.000000 64.000000 88.000000 88.000000 88.000000 112.000000 112.000000 112.000000 160.000000 160.000000 160.000000 48.000000 0.000000 0.000000 6.000000 10.000000 84.000000 22.000000 22.000000 56.000000 56.000000 64.000000 64.000000 88.000000 88.000000 16.000000 22.000000 26.000000 360.000000 360.000000 434.000000 434.000000 434.000000
52.000000 16.000000 16.000000 16.000000 52.000000 22.000000 22.000000 22.000000 26.000000 26.000000 26.000000 26.000000 28.000000 28.000000 28.000000 32.000000 32.000000 32.000000 112.000000 112.000000 112.000000 48.000000 6.000000 6.000000 0.000000 6.000000 14.000000 16.000000 16.000000 22.000000 22.000000 26.000000 26.000000 28.000000 28.000000 22.000000 16.000000 22.000000 356.000000 356.000000 364.000000 364.000000 364.000000
56.000000 22.000000 22.000000 22.000000 46.000000 22.000000 22.000000 22.000000 26.000000 26.000000 26.000000 26.000000 28.000000 28.000000 28.000000 32.000000 32.000000 32.000000 112.000000 112.000000 112.000000 48.000000 10.000000 10.000000 6.000000 0.000000 14.000000 22.000000 22.000000 22.000000 22.000000 26.000000 26.000000 28.000000 28.000000 26.000000 22.000000 16.000000 350.000000 350.000000 364.000000 364.000000 364.000000
134.000000 30.000000 30.000000 30.000000 60.000000 26.000000 26.000000 26.000000 30.000000 30.000000 30.000000 30.000000 24.000000 24.000000 24.000000 22.000000 22.000000 22.000000 40.000000 40.000000 40.000000 144.000000 88.000000 88.000000 14.000000 14.000000 0.000000 30.000000 30.000000 26.000000 26.000000 30.000000 30.000000 24.000000 24.000000 104.000000 30.000000 30.000000 364.000000 364.000000 350.000000 350.000000 350.000000
37.000000 1.000000 1.000000 1.000000 37.000000 7.000000 7.000000 7.000000 11.000000 11.000000 11.000000 11.000000 13.000000 13.000000 13.000000 17.000000 17.000000 17.000000 97.000000 97.000000 97.000000 64.000000 22.000000 22.000000 16.000000 22.000000 30.000000 0.000000 0.000000 6.000000 6.000000 10.000000 10.000000 12.000000 12.000000 14.000000 8.000000 14.000000 348.000000 348.000000 356.000000 356.000000 356.000000
37.000000 1.000000 1.000000 1.000000 37.000000 7.000000 7.000000 7.000000 11.000000 11.000000 11.000000 11.000000 13.000000 13.000000 13.000000 17.000000 17.000000 17.000000 97.000000 97.000000 97.000000 64.000000 22.000000 22.000000 16.000000 22.000000 30.000000 0.000000 0.000000 6.000000 6.000000 10.000000 10.000000 12.000000 12.000000 14.000000 8.000000 14.000000 348.000000 348.000000 356.000000 356.000000 356.000000
75.000000 7.000000 7.000000 7.000000 37.000000 1.000000 1.000000 1.000000 5.000000 5.000000 5.000000 5.000000 7.000000 7.000000 7.000000 13.000000 13.000000 13.000000 25.000000 25.000000 25.000000 112.000000 60.000000 60.000000 22.000000 22.000000 26.000000 6.000000 6.000000 0.000000 0.000000 4.000000 4.000000 6.000000 6.000000 52.000000 14.000000 14.000000 348.000000 348.000000 352.000000 352.000000 352.000000
75.000000 7.000000 7.000000 7.000000 37.000000 1.000000 1.000000 1.000000 5.000000 5.000000 5.000000 5.000000 7.000000 7.000000 7.000000 13.000000 13.000000 13.000000 25.000000 25.000000 25.000000 112.000000 60.000000 60.000000 22.000000 22.000000 26.000000 6.000000 6.000000 0.000000 0.000000 4.000000 4.000000 6.000000 6.000000 52.000000 14.000000 14.000000 348.000000 348.000000 352.000000 352.000000 352.000000
83.000000 11.000000 11.000000 11.000000 41.000000 5.000000 5.000000 5.000000 1.000000 1.000000 1.000000 1.000000 13.000000 13.000000 13.000000 17.000000 17.000000 17.000000 25.000000 25.000000 25.000000 112.000000 68.000000 68.000000 26.000000 26.000000 30.000000 10.000000 10.000000 4.000000 4.000000 0.000000 0.000000 12.000000 12.000000 60.000000 18.000000 18.000000 352.000000 352.000000 356.000000 356.000000 356.000000
83.000000 11.000000 11.000000 11.000000 41.000000 5.000000 5.000000 5.000000 1.000000 1.000000 1.000000 1.000000 13.000000 13.000000 13.000000 17.000000 17.000000 17.000000 25.000000 25.000000 25.000000 112.000000 68.000000 68.000000 26.000000 26.000000 30.000000 10.000000 10.000000 4.000000 4.000000 0.000000 0.000000 12.000000 12.000000 60.000000 18.000000 18.000000 352.000000 352.000000 356.000000 356.000000 356.000000
107.000000 13.000000 13.000000 13.000000 43.000000 7.000000 7.000000 7.000000 7.000000 7.000000 7.000000 7.000000 1.000000 1.000000 1.000000 13.000000 13.000000 13.000000 25.000000 25.000000 25.000000 124.000000 92.000000 92.000000 28.000000 28.000000 24.000000 12.000000 12.000000 6.000000 6.000000 6.000000 6.000000 0.000000 0.000000 84.000000 20.000000 20.000000 354.000000 354.000000 350.000000 350.000000 350.000000
107.000000 13.000000 13.000000 13.000000 43.000000 7.000000 7.000000 7.000000 7.000000 7.000000 7.000000 7.000000 1.000000 1.000000 1.000000 13.000000 13.000000 13.000000 25.000000 25.000000 25.000000 124.000000 92.000000 92.000000 28.000000 28.000000 24.000000 12.000000 12.000000 6.000000 6.000000 6.000000 6.000000 0.000000 0.000000 84.000000 20.000000 20.000000 354.000000 354.000000 350.000000 350.000000 350.000000
31.000000 7.000000 7.000000 7.000000 41.000000 41.000000 41.000000 41.000000 49.000000 49.000000 49.000000 49.000000 73.000000 73.000000 73.000000 97.000000 97.000000 97.000000 145.000000 145.000000 145.000000 64.000000 16.000000 16.000000 22.000000 26.000000 100.000000 14.000000 14.000000 48.000000 48.000000 56.000000 56.000000 80.000000 80.000000 0.000000 6.000000 10.000000 352.000000 352.000000 426.000000 426.000000 426.000000
37.000000 1.000000 1.000000 1.000000 37.000000 7.000000 7.000000 7.000000 11.000000 11.000000 11.000000 11.000000 13.000000 13.000000 13.000000 17.000000 17.000000 17.000000 97.000000 97.000000 97.000000 64.000000 22.000000 22.000000 16.000000 22.000000 30.000000 8.000000 8.000000 14.000000 14.000000 18.000000 18.000000 20.000000 20.000000 6.000000 0.000000 6.000000 348.000000 348.000000 356.000000 356.000000 356.000000
41.000000 7.000000 7.000000 7.000000 31.000000 7.000000 7.000000 7.000000 11.000000 11.000000 11.000000 11.000000 13.000000 13.000000 13.000000 17.000000 17.000000 17.000000 97.000000 97.000000 97.000000 64.000000 26.000000 26.000000 22.000000 16.000000 30.000000 14.000000 14.000000 14.000000 14.000000 18.000000 18.000000 20.000000 20.000000 10.000000 6.000000 0.000000 342.000000 342.000000 356.000000 356.000000 356.000000
5048.000000 5014.000000 5014.000000 5014.000000 5038.000000 5014.000000 5014.000000 5014.000000 5018.000000 5018.000000 5018.000000 5018.000000 5020.000000 5020.000000 5020.000000 5024.000000 5024.000000 5024.000000 5104.000000 5104.000000 5104.000000 5064.000000 5026.000000 5026.000000 5022.000000 5016.000000 5030.000000 5014.000000 5014.000000 5014.000000 5014.000000 5018.000000 5018.000000 5020.000000 5020.000000 5018.000000 5014.000000 5008.000000 0.000000 0.000000 14.000000 14.000000 14.000000
5048.000000 5014.000000 5014.000000 5014.000000 5038.000000 5014.000000 5014.000000 5014.000000 5018.000000 5018.000000 5018.000000 5018.000000 5020.000000 5020.000000 5020.000000 5024.000000 5024.000000 5024.000000 5104.000000 5104.000000 5104.000000 5064.000000 5026.000000 5026.000000 5022.000000 5016.000000 5030.000000 5014.000000 5014.000000 5014.000000 5014.000000 5018.000000 5018.000000 5020.000000 5020.000000 5018.000000 5014.000000 5008.000000 0.000000 0.000000 14.000000 14.000000 14.000000
5126.000000 5022.000000 5022.000000 5022.000000 5052.000000 5018.000000 5018.000000 5018.000000 5022.000000 5022.000000 5022.000000 5022.000000 5016.000000 5016.000000 5016.000000 5014.000000 5014.000000 5014.000000 5032.000000 5032.000000 5032.000000 5160.000000 5104.000000 5104.000000 5030.000000 5030.000000 5016.000000 5022.000000 5022.000000 5018.000000 5018.000000 5022.000000 5022.000000 5016.000000 5016.000000 5096.000000 5022.000000 5022.000000 14.000000 14.000000 0.000000 0.000000 0.000000
5126.000000 5022.000000 5022.000000 5022.000000 5052.000000 5018.000000 5018.000000 5018.000000 5022.000000 5022.000000 5022.000000 5022.000000 5016.000000 5016.000000 5016.000000 5014.000000 5014.000000 5014.000000 5032.000000 5032.000000 5032.000000 5160.000000 5104.000000 5104.000000 5030.000000 5030.000000 5016.000000 5022.000000 5022.000000 5018.000000 5018.000000 5022.000000 5022.000000 5016.000000 5016.000000 5096.000000 5022.000000 5022.000000 14.000000 14.000000 0.000000 0.000000 0.000000
5126.000000 5022.000000 5022.000000 5022.000000 5052.000000 5018.000000 5018.000000 5018.000000 5022.000000 5022.000000 5022.000000 5022.000000 5016.000000 5016.000000 5016.000000 5014.000000 5014.000000 5014.000000 5032.000000 5032.000000 5032.000000 5160.000000 5104.000000 5104.000000 5030.000000 5030.000000 5016.000000 5022.000000 5022.000000 5018.000000 5018.000000 5022.000000 5022.000000 5016.000000 5016.000000 5096.000000 5022.000000 5022.000000 14.000000 14.000000 0.000000 0.000000 0.000000
DEMAND_SECTION
1  0
2  8
3  2
4  7
5  8
6  8
7  7
8  6
9  8
10  2
11  1
12  7
13  2
14  2
15  5
16  5
17  7
18  3
19  3
20  6
21  10
22  3
23  1
24  2
25  2
26  5
27  7
28  6
29  4
30  1
31  4
32  9
33  3
34  7
35  5
36  1
37  4
38  6
39  3
40  6
41  2
42  4
43  8
DEPOT_SECTION
1
-1
EOF
