NAME: p43
TYPE : ACVRP
COMMENT : COMMENT: Asymmetric TSP (Repetto,Pekny) with demands added, capacity=40, HP (asym_scale=1.0)
DIMENSION: 43
EDGE_WEIGHT_TYPE : EXPLICIT
EDGE_WEIGHT_FORMAT : FULL_MATRIX
CAPACITY : 40
EDGE_WEIGHT_SECTION
0.000000 23.262117 23.262117 23.262117 14.654369 28.975391 28.975391 28.975391 31.154281 31.154281 31.154281 31.154281 29.856565 29.856565 29.856565 34.104660 34.104660 34.104660 44.615835 44.615835 44.615835 50.567100 31.941944 31.941944 29.592215 38.362163 44.721047 24.405206 24.405206 29.657153 29.657153 31.862652 31.862652 30.491762 30.491762 25.653327 21.783204 30.476875 230.075830 230.075830 237.554879 237.554879 237.554879
37.454180 0.000000 0.000000 0.000000 32.013409 5.713274 5.713274 5.713274 7.892164 7.892164 7.892164 7.892164 8.802756 8.802756 8.802756 10.842543 10.842543 10.842543 21.353718 21.353718 21.353718 55.774473 14.244650 14.244650 14.430088 16.411962 21.458930 1.143089 1.143089 6.395036 6.395036 8.600535 8.600535 9.437953 9.437953 4.599518 0.729395 7.214758 206.813712 206.813712 214.292762 214.292762 214.292762
37.454180 0.000000 0.000000 0.000000 32.013409 5.713274 5.713274 5.713274 7.892164 7.892164 7.892164 7.892164 8.802756 8.802756 8.802756 10.842543 10.842543 10.842543 21.353718 21.353718 21.353718 55.774473 14.244650 14.244650 14.430088 16.411962 21.458930 1.143089 1.143089 6.395036 6.395036 8.600535 8.600535 9.437953 9.437953 4.599518 0.729395 7.214758 206.813712 206.813712 214.292762 214.292762 214.292762
37.454180 0.000000 0.000000 0.000000 32.013409 5.713274 5.713274 5.713274 7.892164 7.892164 7.892164 7.892164 8.802756 8.802756 8.802756 10.842543 10.842543 10.842543 21.353718 21.353718 21.353718 55.774473 14.244650 14.244650 14.430088 16.411962 21.458930 1.143089 1.143089 6.395036 6.395036 8.600535 8.600535 9.437953 9.437953 4.599518 0.729395 7.214758 206.813712 206.813712 214.292762 214.292762 214.292762
9.880801 22.964194 22.964194 22.964194 0.000000 27.656114 27.656114 27.656114 25.477021 25.477021 25.477021 25.477021 22.024909 22.024909 22.024909 26.811001 26.811001 26.811001 37.322176 37.322176 37.322176 60.447901 37.208844 37.208844 37.394282 38.242452 39.574567 24.107283 24.107283 27.979943 27.979943 26.185391 26.185391 22.660106 22.660106 23.640538 23.693588 30.178951 224.398569 224.398569 231.877618 231.877618 231.877618
38.336677 5.251464 5.251464 5.251464 28.455876 0.000000 0.000000 0.000000 2.947969 2.947969 2.947969 2.947969 5.007271 5.007271 5.007271 9.878302 9.878302 9.878302 16.519747 16.519747 16.519747 59.194233 19.496114 19.496114 18.408272 17.764926 22.556930 4.562849 4.562849 0.681762 0.681762 3.410321 3.410321 4.721370 4.721370 8.577702 4.707579 7.673577 201.869518 201.869518 209.348567 209.348567 209.348567
38.336677 5.251464 5.251464 5.251464 28.455876 0.000000 0.000000 0.000000 2.947969 2.947969 2.947969 2.947969 5.007271 5.007271 5.007271 9.878302 9.878302 9.878302 16.519747 16.519747 16.519747 59.194233 19.496114 19.496114 18.408272 17.764926 22.556930 4.562849 4.562849 0.681762 0.681762 3.410321 3.410321 4.721370 4.721370 8.577702 4.707579 7.673577 201.869518 201.869518 209.348567 209.348567 209.348567
38.336677 5.251464 5.251464 5.251464 28.455876 0.000000 0.000000 0.000000 2.947969 2.947969 2.947969 2.947969 5.007271 5.007271 5.007271 9.878302 9.878302 9.878302 16.519747 16.519747 16.519747 59.194233 19.496114 19.496114 18.408272 17.764926 22.556930 4.562849 4.562849 0.681762 0.681762 3.410321 3.410321 4.721370 4.721370 8.577702 4.707579 7.673577 201.869518 201.869518 209.348567 209.348567 209.348567
35.388708 7.347721 7.347721 7.347721 25.507907 2.427751 2.427751 2.427751 0.000000 0.000000 0.000000 0.000000 7.435022 7.435022 7.435022 12.306052 12.306052 12.306052 13.817797 13.817797 13.817797 61.621984 21.592371 21.592371 20.836022 19.408731 20.779061 6.990600 6.990600 3.109513 3.109513 0.708371 0.708371 7.149121 7.149121 11.005452 7.135329 10.101327 198.921548 198.921548 206.400598 206.400598 206.400598
35.388708 7.347721 7.347721 7.347721 25.507907 2.427751 2.427751 2.427751 0.000000 0.000000 0.000000 0.000000 7.435022 7.435022 7.435022 12.306052 12.306052 12.306052 13.817797 13.817797 13.817797 61.621984 21.592371 21.592371 20.836022 19.408731 20.779061 6.990600 6.990600 3.109513 3.109513 0.708371 0.708371 7.149121 7.149121 11.005452 7.135329 10.101327 198.921548 198.921548 206.400598 206.400598 206.400598
35.388708 7.347721 7.347721 7.347721 25.507907 2.427751 2.427751 2.427751 0.000000 0.000000 0.000000 0.000000 7.435022 7.435022 7.435022 12.306052 12.306052 12.306052 13.817797 13.817797 13.817797 61.621984 21.592371 21.592371 20.836022 19.408731 20.779061 6.990600 6.990600 3.109513 3.109513 0.708371 0.708371 7.149121 7.149121 11.005452 7.135329 10.101327 198.921548 198.921548 206.400598 206.400598 206.400598
35.388708 7.347721 7.347721 7.347721 25.507907 2.427751 2.427751 2.427751 0.000000 0.000000 0.000000 0.000000 7.435022 7.435022 7.435022 12.306052 12.306052 12.306052 13.817797 13.817797 13.817797 61.621984 21.592371 21.592371 20.836022 19.408731 20.779061 6.990600 6.990600 3.109513 3.109513 0.708371 0.708371 7.149121 7.149121 11.005452 7.135329 10.101327 198.921548 198.921548 206.400598 206.400598 206.400598
38.840820 10.776154 10.776154 10.776154 28.960019 5.631205 5.631205 5.631205 3.452112 3.452112 3.452112 3.452112 0.000000 0.000000 0.000000 9.371999 9.371999 9.371999 17.269909 17.269909 17.269909 64.083385 24.262587 24.262587 18.385364 17.933779 17.549658 10.194054 10.194054 5.955035 5.955035 4.160483 4.160483 0.635197 0.635197 13.505914 9.635790 9.765518 202.373660 202.373660 209.852710 209.852710 209.852710
38.840820 10.776154 10.776154 10.776154 28.960019 5.631205 5.631205 5.631205 3.452112 3.452112 3.452112 3.452112 0.000000 0.000000 0.000000 9.371999 9.371999 9.371999 17.269909 17.269909 17.269909 64.083385 24.262587 24.262587 18.385364 17.933779 17.549658 10.194054 10.194054 5.955035 5.955035 4.160483 4.160483 0.635197 0.635197 13.505914 9.635790 9.765518 202.373660 202.373660 209.852710 209.852710 209.852710
38.840820 10.776154 10.776154 10.776154 28.960019 5.631205 5.631205 5.631205 3.452112 3.452112 3.452112 3.452112 0.000000 0.000000 0.000000 9.371999 9.371999 9.371999 17.269909 17.269909 17.269909 64.083385 24.262587 24.262587 18.385364 17.933779 17.549658 10.194054 10.194054 5.955035 5.955035 4.160483 4.160483 0.635197 0.635197 13.505914 9.635790 9.765518 202.373660 202.373660 209.852710 209.852710 209.852710
44.813977 10.013326 10.013326 10.013326 34.933175 6.477299 6.477299 6.477299 9.425269 9.425269 9.425269 9.425269 9.857351 9.857351 9.857351 0.000000 0.000000 0.000000 10.511175 10.511175 10.511175 63.956095 24.257976 24.257976 24.019058 24.242226 27.407009 9.324711 9.324711 7.159061 7.159061 9.887620 9.887620 9.168072 9.168072 14.612844 10.742720 14.150876 208.346817 208.346817 215.825866 215.825866 215.825866
44.813977 10.013326 10.013326 10.013326 34.933175 6.477299 6.477299 6.477299 9.425269 9.425269 9.425269 9.425269 9.857351 9.857351 9.857351 0.000000 0.000000 0.000000 10.511175 10.511175 10.511175 63.956095 24.257976 24.257976 24.019058 24.242226 27.407009 9.324711 9.324711 7.159061 7.159061 9.887620 9.887620 9.168072 9.168072 14.612844 10.742720 14.150876 208.346817 208.346817 215.825866 215.825866 215.825866
44.813977 10.013326 10.013326 10.013326 34.933175 6.477299 6.477299 6.477299 9.425269 9.425269 9.425269 9.425269 9.857351 9.857351 9.857351 0.000000 0.000000 0.000000 10.511175 10.511175 10.511175 63.956095 24.257976 24.257976 24.019058 24.242226 27.407009 9.324711 9.324711 7.159061 7.159061 9.887620 9.887620 9.168072 9.168072 14.612844 10.742720 14.150876 208.346817 208.346817 215.825866 215.825866 215.825866
52.367263 17.566612 17.566612 17.566612 42.486461 14.030585 14.030585 14.030585 16.978555 16.978555 16.978555 16.978555 17.410637 17.410637 17.410637 7.553286 7.553286 7.553286 0.000000 0.000000 0.000000 71.509381 31.811262 31.811262 31.572344 31.795512 34.960295 16.877997 16.877997 14.712347 14.712347 17.440906 17.440906 16.721358 16.721358 22.166130 18.296007 21.704162 215.900103 215.900103 223.379152 223.379152 223.379152
52.367263 17.566612 17.566612 17.566612 42.486461 14.030585 14.030585 14.030585 16.978555 16.978555 16.978555 16.978555 17.410637 17.410637 17.410637 7.553286 7.553286 7.553286 0.000000 0.000000 0.000000 71.509381 31.811262 31.811262 31.572344 31.795512 34.960295 16.877997 16.877997 14.712347 14.712347 17.440906 17.440906 16.721358 16.721358 22.166130 18.296007 21.704162 215.900103 215.900103 223.379152 223.379152 223.379152
52.367263 17.566612 17.566612 17.566612 42.486461 14.030585 14.030585 14.030585 16.978555 16.978555 16.978555 16.978555 17.410637 17.410637 17.410637 7.553286 7.553286 7.553286 0.000000 0.000000 0.000000 71.509381 31.811262 31.811262 31.572344 31.795512 34.960295 16.877997 16.877997 14.712347 14.712347 17.440906 17.440906 16.721358 16.721358 22.166130 18.296007 21.704162 215.900103 215.900103 223.379152 223.379152 223.379152
67.469000 31.460247 31.460247 31.460247 61.377875 37.173521 37.173521 37.173521 35.869969 35.869969 35.869969 35.869969 40.263003 40.263003 40.263003 42.302789 42.302789 42.302789 49.687766 49.687766 49.687766 0.000000 17.294133 17.294133 22.262599 25.380075 38.297531 32.603336 32.603336 37.855283 37.855283 36.578340 36.578340 40.898200 40.898200 34.614338 32.189641 36.212182 234.791517 234.791517 242.270566 242.270566 242.270566
50.174867 16.120360 16.120360 16.120360 48.133769 21.833635 21.833635 21.833635 24.012525 24.012525 24.012525 24.012525 24.923116 24.923116 24.923116 26.962903 26.962903 26.962903 37.474078 37.474078 37.474078 54.235549 0.000000 0.000000 9.083918 8.085942 25.118850 17.263450 17.263450 22.515397 22.515397 24.720896 24.720896 25.558314 25.558314 17.320205 16.849755 23.335118 222.934073 222.934073 230.413122 230.413122 230.413122
50.174867 16.120360 16.120360 16.120360 48.133769 21.833635 21.833635 21.833635 24.012525 24.012525 24.012525 24.012525 24.923116 24.923116 24.923116 26.962903 26.962903 26.962903 37.474078 37.474078 37.474078 54.235549 0.000000 0.000000 9.083918 8.085942 25.118850 17.263450 17.263450 22.515397 22.515397 24.720896 24.720896 25.558314 25.558314 17.320205 16.849755 23.335118 222.934073 222.934073 230.413122 230.413122 230.413122
55.816645 18.731830 18.731830 18.731830 45.935843 19.011676 19.011676 19.011676 20.427937 20.427937 20.427937 20.427937 22.196183 22.196183 22.196183 22.650399 22.650399 22.650399 32.582705 32.582705 32.582705 54.919554 5.877223 5.877223 0.000000 8.769947 16.034932 18.043214 18.043214 19.693439 19.693439 19.473278 19.473278 22.831380 22.831380 23.197428 19.461224 25.946587 219.349485 219.349485 226.828535 226.828535 226.828535
47.686916 18.125733 18.125733 18.125733 47.489401 23.011872 23.011872 23.011872 21.981494 21.981494 21.981494 21.981494 26.269157 26.269157 26.269157 27.839096 27.839096 27.839096 35.799291 35.799291 35.799291 46.149607 11.272527 11.272527 6.595398 0.000000 21.036944 17.437118 17.437118 22.804051 22.804051 22.689865 22.689865 26.180499 26.180499 14.832254 18.855128 25.340491 220.903042 220.903042 228.382092 228.382092 228.382092
60.220802 27.113801 27.113801 27.113801 50.340000 22.039416 22.039416 22.039416 24.832093 24.832093 24.832093 24.832093 21.379981 21.379981 21.379981 18.085018 18.085018 18.085018 28.596194 28.596194 28.596194 61.621298 18.941641 18.941641 13.064418 15.471692 0.000000 26.425185 26.425185 21.154733 21.154733 24.552007 24.552007 22.015179 22.015179 30.303945 26.746994 29.712993 223.753642 223.753642 231.232691 231.232691 231.232691
38.142795 0.688615 0.688615 0.688615 32.256982 5.574754 5.574754 5.574754 6.749075 6.749075 6.749075 6.749075 8.832039 8.832039 8.832039 10.401978 10.401978 10.401978 20.566872 20.566872 20.566872 54.631384 14.933265 14.933265 15.118703 17.100577 22.147545 0.000000 0.000000 5.366933 5.366933 7.457446 7.457446 8.743381 8.743381 5.288133 1.418010 7.903373 205.670623 205.670623 213.149673 213.149673 213.149673
38.142795 0.688615 0.688615 0.688615 32.256982 5.574754 5.574754 5.574754 6.749075 6.749075 6.749075 6.749075 8.832039 8.832039 8.832039 10.401978 10.401978 10.401978 20.566872 20.566872 20.566872 54.631384 14.933265 14.933265 15.118703 17.100577 22.147545 0.000000 0.000000 5.366933 5.366933 7.457446 7.457446 8.743381 8.743381 5.288133 1.418010 7.903373 205.670623 205.670623 213.149673 213.149673 213.149673
39.221361 5.959068 5.959068 5.959068 29.340559 0.884683 0.884683 0.884683 3.832653 3.832653 3.832653 3.832653 5.891954 5.891954 5.891954 9.196540 9.196540 9.196540 16.506701 16.506701 16.506701 59.901837 20.203718 20.203718 19.292955 18.649609 23.441613 5.270453 5.270453 0.000000 0.000000 3.397274 3.397274 5.606053 5.606053 9.462385 5.592262 8.558260 202.754201 202.754201 210.233250 210.233250 210.233250
39.221361 5.959068 5.959068 5.959068 29.340559 0.884683 0.884683 0.884683 3.832653 3.832653 3.832653 3.832653 5.891954 5.891954 5.891954 9.196540 9.196540 9.196540 16.506701 16.506701 16.506701 59.901837 20.203718 20.203718 19.292955 18.649609 23.441613 5.270453 5.270453 0.000000 0.000000 3.397274 3.397274 5.606053 5.606053 9.462385 5.592262 8.558260 202.754201 202.754201 210.233250 210.233250 210.233250
36.343366 6.665479 6.665479 6.665479 26.462565 3.382409 3.382409 3.382409 0.954658 0.954658 0.954658 0.954658 8.389680 8.389680 8.389680 11.732480 11.732480 11.732480 13.109426 13.109426 13.109426 62.437777 20.910129 20.910129 21.095567 20.363389 20.070690 7.806393 7.806393 2.535940 2.535940 0.000000 0.000000 8.103779 8.103779 11.264997 7.394874 11.055986 199.876207 199.876207 207.355256 207.355256 207.355256
36.343366 6.665479 6.665479 6.665479 26.462565 3.382409 3.382409 3.382409 0.954658 0.954658 0.954658 0.954658 8.389680 8.389680 8.389680 11.732480 11.732480 11.732480 13.109426 13.109426 13.109426 62.437777 20.910129 20.910129 21.095567 20.363389 20.070690 7.806393 7.806393 2.535940 2.535940 0.000000 0.000000 8.103779 8.103779 11.264997 7.394874 11.055986 199.876207 199.876207 207.355256 207.355256 207.355256
39.530099 11.278905 11.278905 11.278905 29.649298 6.204521 6.204521 6.204521 4.141391 4.141391 4.141391 4.141391 0.689279 0.689279 0.689279 9.093546 9.093546 9.093546 17.959188 17.959188 17.959188 64.772665 24.951866 24.951866 19.074643 18.623058 18.238937 10.590290 10.590290 5.319837 5.319837 4.849762 4.849762 0.000000 0.000000 14.195193 10.325069 10.454797 203.062939 203.062939 210.541989 210.541989 210.541989
39.530099 11.278905 11.278905 11.278905 29.649298 6.204521 6.204521 6.204521 4.141391 4.141391 4.141391 4.141391 0.689279 0.689279 0.689279 9.093546 9.093546 9.093546 17.959188 17.959188 17.959188 64.772665 24.951866 24.951866 19.074643 18.623058 18.238937 10.590290 10.590290 5.319837 5.319837 4.849762 4.849762 0.000000 0.000000 14.195193 10.325069 10.454797 203.062939 203.062939 210.541989 210.541989 210.541989
32.854662 7.365380 7.365380 7.365380 39.378789 13.078654 13.078654 13.078654 15.257544 15.257544 15.257544 15.257544 16.168136 16.168136 16.168136 18.207923 18.207923 18.207923 28.719098 28.719098 28.719098 63.139853 17.484649 17.484649 17.004223 23.777342 28.824310 8.508469 8.508469 13.760416 13.760416 15.965915 15.965915 16.803333 16.803333 0.000000 8.094775 14.580138 214.179093 214.179093 221.658142 221.658142 221.658142
36.724785 1.478913 1.478913 1.478913 32.270982 7.192187 7.192187 7.192187 9.371078 9.371078 9.371078 9.371078 8.073361 8.073361 8.073361 12.321456 12.321456 12.321456 22.832631 22.832631 22.832631 57.253387 15.723563 15.723563 13.700693 17.890875 22.937844 2.622003 2.622003 7.873950 7.873950 10.079448 10.079448 8.708558 8.708558 3.870123 0.000000 8.693671 208.292626 208.292626 215.771675 215.771675 215.771675
40.366197 6.666080 6.666080 6.666080 30.485395 8.851459 8.851459 8.851459 7.490607 7.490607 7.490607 7.490607 13.260528 13.260528 13.260528 14.837587 14.837587 14.837587 21.308404 21.308404 21.308404 56.240956 20.910730 20.910730 16.686748 10.091349 26.833345 7.809170 7.809170 9.533221 9.533221 8.198978 8.198978 13.572829 13.572829 8.273631 5.187167 0.000000 206.412155 206.412155 213.891205 213.891205 213.891205
3030.715433 2995.469562 2995.469562 2995.469562 3026.261630 3001.182836 3001.182836 3001.182836 3003.361726 3003.361726 3003.361726 3003.361726 3002.064009 3002.064009 3002.064009 3006.312104 3006.312104 3006.312104 3016.823279 3016.823279 3016.823279 3051.244035 3009.714212 3009.714212 3007.691341 3011.881524 3016.928492 2996.612651 2996.612651 3001.864598 3001.864598 3004.070097 3004.070097 3002.699207 3002.699207 2997.860771 2993.990648 3002.684319 0.000000 0.000000 7.479049 7.479049 7.479049
3030.715433 2995.469562 2995.469562 2995.469562 3026.261630 3001.182836 3001.182836 3001.182836 3003.361726 3003.361726 3003.361726 3003.361726 3002.064009 3002.064009 3002.064009 3006.312104 3006.312104 3006.312104 3016.823279 3016.823279 3016.823279 3051.244035 3009.714212 3009.714212 3007.691341 3011.881524 3016.928492 2996.612651 2996.612651 3001.864598 3001.864598 3004.070097 3004.070097 3002.699207 3002.699207 2997.860771 2993.990648 3002.684319 0.000000 0.000000 7.479049 7.479049 7.479049
3038.667480 3003.421608 3003.421608 3003.421608 3034.213677 3009.134882 3009.134882 3009.134882 3011.313772 3011.313772 3011.313772 3011.313772 3010.016056 3010.016056 3010.016056 3014.264151 3014.264151 3014.264151 3024.775326 3024.775326 3024.775326 3059.196081 3017.666258 3017.666258 3015.643388 3019.833570 3024.880538 3004.564697 3004.564697 3009.816644 3009.816644 3012.022143 3012.022143 3010.651253 3010.651253 3005.812818 3001.942695 3010.636366 7.952047 7.952047 0.000000 0.000000 0.000000
3038.667480 3003.421608 3003.421608 3003.421608 3034.213677 3009.134882 3009.134882 3009.134882 3011.313772 3011.313772 3011.313772 3011.313772 3010.016056 3010.016056 3010.016056 3014.264151 3014.264151 3014.264151 3024.775326 3024.775326 3024.775326 3059.196081 3017.666258 3017.666258 3015.643388 3019.833570 3024.880538 3004.564697 3004.564697 3009.816644 3009.816644 3012.022143 3012.022143 3010.651253 3010.651253 3005.812818 3001.942695 3010.636366 7.952047 7.952047 0.000000 0.000000 0.000000
3038.667480 3003.421608 3003.421608 3003.421608 3034.213677 3009.134882 3009.134882 3009.134882 3011.313772 3011.313772 3011.313772 3011.313772 3010.016056 3010.016056 3010.016056 3014.264151 3014.264151 3014.264151 3024.775326 3024.775326 3024.775326 3059.196081 3017.666258 3017.666258 3015.643388 3019.833570 3024.880538 3004.564697 3004.564697 3009.816644 3009.816644 3012.022143 3012.022143 3010.651253 3010.651253 3005.812818 3001.942695 3010.636366 7.952047 7.952047 0.000000 0.000000 0.000000
DEMAND_SECTION
1  0
2  10
3  3
4  7
5  6
6  7
7  7
8  10
9  9
10  10
11  8
12  8
13  2
14  10
15  9
16  9
17  10
18  10
19  8
20  10
21  3
22  6
23  3
24  6
25  4
26  5
27  5
28  7
29  1
30  2
31  10
32  4
33  5
34  8
35  9
36  7
37  4
38  10
39  10
40  6
41  8
42  5
43  2
DEPOT_SECTION
1
-1
EOF
