NAME: ry48p
TYPE : ACVRP
COMMENT : COMMENT: Asymmetric TSP (Fischetti) with demands added, capacity=40, HP (asym_scale=1.0)
DIMENSION: 48
EDGE_WEIGHT_TYPE : EXPLICIT
EDGE_WEIGHT_FORMAT : FULL_MATRIX
CAPACITY : 40
EDGE_WEIGHT_SECTION
0.000000 1334.960391 556.268277 1690.949512 1244.634967 955.150467 751.773075 421.976180 137.909856 1345.816723 785.246316 895.127518 652.652555 696.293141 707.717613 721.555856 1145.371808 615.384141 997.854273 979.745193 863.407431 556.786411 704.070412 968.455825 496.211479 1536.840921 954.778925 754.122291 1194.212914 821.939257 719.347493 931.528741 626.263768 836.599992 1894.437886 790.689641 880.910691 459.718110 1185.836534 534.087594 592.251167 1264.305450 1093.357168 741.117753 1819.722666 671.821621 1095.019562 949.469447
1191.995318 0.000000 1308.560316 617.807954 700.050181 1510.771081 1307.393689 1434.856973 1329.905174 772.382561 1421.215250 1540.436701 1180.181455 889.431848 1419.202109 846.417853 1546.088928 1171.004755 1553.474887 1530.455219 1194.104080 960.489478 1227.326769 1182.026766 1141.520662 830.003516 1510.399539 1309.742905 809.954417 1377.559871 1490.614294 1164.001015 1650.060649 1026.987950 1264.965719 1346.310255 1591.254406 1573.095597 933.772706 1245.572090 1162.343388 727.392677 1654.589562 1504.608140 1117.278136 1554.729899 1526.708555 894.305892
787.082156 1178.248165 0.000000 1225.688855 1051.403082 1080.647212 937.192875 774.778843 804.668255 1083.964470 557.032550 639.552850 435.023196 534.770341 777.010913 609.605821 1387.159629 942.029281 1145.383725 785.296959 885.008113 300.411347 472.428947 1501.310180 603.634761 1437.884418 1102.308377 1010.458218 739.411453 947.436002 785.520542 834.484113 638.925721 280.331715 1338.169609 751.030630 1161.130537 905.507223 993.687499 722.166843 643.077703 1046.676091 1166.791906 914.249771 1653.997161 919.429129 572.251590 1056.892730
1566.193508 780.703030 1761.199839 0.000000 949.982703 1871.094848 2007.191854 1828.175568 1704.103364 324.622877 1382.229043 1714.050979 1191.585306 1332.646488 1574.047095 1616.426351 2205.837128 1870.802920 2106.198572 1459.298060 1283.693215 1570.798029 1477.259291 720.575234 1319.441335 212.195563 2180.780066 1955.448593 809.626630 2077.358036 1978.546541 690.868763 1714.778422 1276.920472 647.157766 2046.108420 2145.673935 1718.917157 945.176556 1798.468024 1523.654829 565.452777 2124.743074 1831.766294 914.844281 1844.833272 1438.219102 1110.839221
1111.356469 717.923075 996.265286 871.368184 0.000000 1417.210600 1381.014299 1167.006027 1160.924924 590.602986 721.165069 840.386520 674.912695 641.552143 904.938064 1328.242864 1427.656493 1318.633656 1523.463960 1025.186458 808.666433 946.085695 527.276588 664.956440 441.470481 579.807256 1496.186161 1454.279642 509.794669 1291.961809 1348.416942 463.950834 1019.326121 326.937769 1014.769460 1194.852054 1505.656344 1199.084341 592.674040 1121.705468 698.511785 738.024132 1547.192306 1210.442575 1180.824390 1183.769298 918.225738 194.255711
1073.751125 2036.725373 1033.621992 2048.723869 1689.967488 0.000000 505.625262 1181.251363 895.134576 1710.624121 1040.763202 771.694764 1010.426912 1150.795662 702.439179 1125.001906 471.733508 437.501034 235.103724 693.639500 1220.020866 1168.306538 1080.337983 1520.914683 1267.423447 1969.600062 310.725457 506.330204 1597.888661 453.925530 757.110573 1337.639244 636.734037 1313.953708 1890.481552 319.463017 403.212756 902.052297 1245.419700 885.477620 1510.972893 1622.079807 253.648226 482.682158 1923.814970 515.394081 965.683927 1720.681416
810.585061 1808.349977 994.378858 1886.118580 1287.557583 208.318011 0.000000 836.176131 825.591047 1671.380987 839.401084 798.113515 847.821622 864.867149 439.273114 1073.270190 632.828281 92.425802 391.052377 637.909006 1101.042922 848.236885 632.917749 1676.863335 969.601065 1867.364839 408.801755 103.920298 1485.663388 298.980918 385.886373 1333.738592 597.490902 1163.514326 1820.938023 267.731301 392.838325 598.812031 1329.896938 846.234485 1190.903240 1459.474517 461.966238 413.138629 2079.763622 476.150946 926.440793 1276.272214
212.729497 1547.689888 766.281360 1597.765197 1358.152321 1058.386275 883.296017 0.000000 350.639353 1558.546220 738.832933 473.599775 559.468239 909.022639 611.057838 350.996013 1313.523553 828.113638 1129.376325 854.263045 1066.808496 471.655360 855.660659 1181.185322 708.940976 1749.570418 1086.300976 966.851788 1109.081863 925.175065 597.819513 1045.385209 600.504214 875.160943 1825.922573 872.981065 1093.640188 435.550096 1005.383198 746.817091 804.980664 1171.121134 1128.370399 716.949739 1933.579134 479.164258 767.398227 1162.198944
397.397704 1596.606587 418.358421 1644.047277 1469.761503 908.863122 824.173089 544.595802 0.000000 1502.322891 727.778446 856.694711 781.064429 798.109955 569.807757 622.323152 1007.461952 687.784155 861.045799 841.835337 1055.754009 577.570357 566.160556 1365.853529 893.609182 1856.242839 1009.935482 826.522305 1157.769874 894.339271 654.227955 1162.220116 488.353913 698.690137 1756.528031 806.412141 743.000835 418.619515 1057.052899 396.177738 920.236713 1210.215602 955.447313 670.308225 2034.760890 533.911765 957.109706 1148.869725
1695.778722 963.919582 1651.366402 686.973042 655.101116 1885.946369 1682.568976 1503.552691 1796.513233 0.000000 1376.266185 1495.487636 1330.013811 1085.064392 1560.039180 1647.734016 2082.757609 1546.180043 1928.650175 1462.033122 1261.341470 1552.240284 1182.377704 623.215172 1096.571596 395.412114 1885.574827 1684.918193 939.211845 1752.735159 1752.336653 1119.051950 1604.163353 982.038885 637.081963 1721.485542 1966.429693 1848.502371 1247.775156 1606.356459 1353.612901 642.910333 2029.764850 1865.543691 590.221404 1838.870414 1163.345688 849.356827
818.753748 1155.507360 624.400599 1408.612731 1061.796969 782.011398 729.003467 877.446005 676.358005 1054.985127 0.000000 355.819601 370.315774 387.361300 493.277664 785.572629 1251.672355 821.429269 1017.115123 535.805492 327.975563 403.078510 155.411901 1240.717145 316.758447 1357.387890 1052.958879 832.923765 894.565012 807.394891 707.027694 856.232743 571.764747 686.008477 1636.770108 856.421036 1021.089426 827.219654 887.603023 510.515622 745.744865 981.968669 1035.659625 798.782175 1645.206530 462.604229 356.311774 770.016416
508.770010 1265.030609 721.464632 1498.138700 1053.252918 584.786500 655.437640 694.186960 320.538404 1289.835231 537.586034 0.000000 459.841742 624.846421 137.458063 863.136052 981.990531 519.048707 740.214627 535.700818 623.990865 662.745657 592.178211 1477.225835 716.838277 1633.060174 697.139278 657.786857 826.193897 451.575290 719.348492 907.483672 215.945146 775.534446 1627.842085 611.535307 665.269825 484.617676 531.783422 438.130247 1005.412012 1071.494637 728.604981 442.962574 1509.491414 455.535157 293.798452 1038.531633
811.313766 1095.745447 765.181118 1038.296957 798.684082 1065.211595 861.834203 1155.760962 797.039492 1106.601779 285.521363 641.340964 0.000000 457.078198 704.494199 1071.093992 1096.812831 725.445269 1107.915401 350.273763 577.843271 688.599873 296.192420 1066.286984 256.996535 1250.492520 1064.840053 864.183419 674.254866 932.000385 992.549058 485.916969 618.342484 315.692703 1266.454334 900.750769 1145.694920 968.000173 740.224762 606.882718 687.266720 611.652895 1146.208669 802.844302 1374.110895 748.125593 611.801791 710.254504
857.843540 1209.745554 633.055111 1340.095978 698.546634 951.219202 742.901191 941.543386 711.448840 1168.146291 558.664815 731.381149 301.799020 0.000000 694.922085 780.381202 1294.659687 835.326993 1122.502370 652.072783 738.192593 467.175891 403.385884 987.868558 370.996641 1278.353890 1079.427021 846.821489 976.053886 1041.882109 1128.787564 695.091512 895.435417 473.900937 1531.738831 1010.632493 1121.196110 978.885427 603.257388 521.292067 809.842247 913.451915 1030.935562 1000.426596 1484.051197 1012.999179 637.276706 771.799015
371.311947 1555.635330 623.537249 1694.215347 1185.934992 729.376400 521.058389 556.728897 469.742886 1304.748625 400.127971 390.549506 700.577798 487.388358 0.000000 907.724910 860.301800 533.962100 618.525896 499.852819 661.769808 803.206480 555.539871 1339.767772 716.886418 1700.160739 767.415579 624.978687 1216.743403 740.517216 606.788996 943.520616 230.858540 748.858207 1713.303905 626.448701 786.634927 347.159613 922.332929 457.527047 963.563114 1256.208274 758.724725 305.504511 1831.714541 318.077094 495.658270 1170.144387
345.577465 1328.080005 496.201390 1678.067414 1337.941588 1300.727932 1097.350540 726.184285 483.487321 1439.123344 978.687859 943.218301 693.166495 789.599763 879.325733 0.000000 1133.011382 960.961606 1319.948213 1043.440259 956.714052 251.816790 895.666923 1314.033290 589.518100 1630.147542 1276.872864 1099.699756 889.243293 1167.516722 949.745534 1179.083465 971.841233 732.710274 1661.018615 1136.267105 1226.488156 805.295575 1367.109616 728.718363 546.339506 1006.217176 1355.962621 924.992330 1845.033774 1017.399085 861.572290 1042.776069
1080.004805 2013.210457 1174.482792 1955.761967 1471.999948 376.827132 377.911712 1161.764464 885.551010 1852.137177 873.899227 1001.601973 917.465009 1055.703363 725.752924 1268.571971 0.000000 470.337514 186.936831 860.363408 1042.737894 1150.027639 1010.829462 1472.747789 1174.461544 2051.807204 143.861482 390.400108 1591.719875 358.833232 763.798086 1289.472350 788.546668 1233.157713 1880.897987 511.517600 276.672513 885.291841 1373.438421 818.626157 1485.877523 1529.117904 262.948991 473.098593 1875.648076 785.938700 712.545481 1504.045798
845.402913 1832.074299 901.953056 1904.566352 1322.375435 339.766326 136.388934 743.750329 746.055803 1578.955185 874.218936 715.791781 866.269394 903.425248 474.090966 980.844388 624.246036 0.000000 382.470132 549.481982 1093.418373 755.811083 769.306683 1668.281091 1105.989999 1825.442544 339.394784 138.738150 1393.237586 206.555116 319.609539 1352.186364 505.065100 1181.962098 1741.402779 175.305499 420.249651 633.629883 1247.575203 753.808683 1098.477438 1477.922289 483.584807 333.603385 2057.230331 383.725144 834.014991 1412.661148
1052.757692 1992.896358 1179.497730 2053.841622 1529.730214 189.890302 510.743014 1067.000032 900.252328 1665.200346 878.927428 961.585065 1015.544664 1014.880164 681.445745 1130.119658 241.775904 558.296200 0.000000 698.757252 984.917142 1155.055841 1034.339329 1285.810958 1195.685876 1974.717815 148.889683 346.092929 1554.059645 318.010033 747.241718 1102.535520 793.574869 1331.237368 1895.599305 324.580770 168.109032 840.984662 1356.843313 823.654358 1497.722196 1627.197559 413.170028 487.799910 1688.711246 705.284382 954.321385 1648.943844
461.040003 1570.442963 740.333233 1578.975785 1095.213766 842.219806 633.901795 883.016183 574.633372 1341.958805 414.935603 373.930034 540.678828 686.425646 463.140098 1028.269101 746.539068 571.172281 764.557355 0.000000 665.951713 818.014112 570.347503 1146.612666 731.694050 1675.021022 721.482007 709.910431 1200.123930 777.727397 771.472066 949.444520 268.068721 856.371531 1807.133162 663.658881 932.666386 805.521028 771.277148 384.476598 1053.291170 1152.331723 795.934905 452.570539 1748.985139 548.572129 335.759300 1100.865688
939.127773 1328.815281 729.914116 1271.366790 733.821405 1015.144263 1018.353426 1124.544723 750.896168 1324.424392 518.591197 430.357764 233.069833 430.222572 567.815827 990.831354 923.696792 949.406470 878.738621 582.182771 0.000000 897.398463 529.262253 1279.813704 490.066368 1313.628662 1027.628304 1057.613120 907.324699 881.933053 1025.202334 607.829325 646.302910 548.762537 1499.524167 1041.893070 1046.847652 914.975439 719.329980 738.882558 920.336553 844.722728 1025.330816 873.320338 1496.023251 885.892920 436.211369 928.077116
541.183840 1076.263216 455.152129 1426.250624 1131.352834 1205.054995 996.736984 474.367495 647.029756 1380.860419 993.016131 691.401512 858.754007 859.643207 735.549945 423.724930 1367.869957 1089.162786 1279.868933 961.321812 1206.100005 0.000000 643.850133 1209.034475 908.008694 1577.154679 1359.023727 1066.076010 637.426504 1142.976801 697.928745 1289.636241 804.600658 480.893484 1409.201825 996.423893 1161.823970 612.606119 1194.249268 561.919926 342.666356 754.400386 1104.145831 894.005762 1593.216984 878.548431 985.199963 1129.299326
663.341847 1175.432228 468.988698 1253.200830 930.496033 1042.119984 927.746002 988.833644 777.871889 1039.701741 349.165998 457.333484 214.903873 231.949399 444.866165 878.193156 1253.760826 791.357069 1011.984922 565.177636 609.543981 699.125291 0.000000 1114.055194 336.683316 1377.312758 968.909573 930.095219 889.158739 908.908774 821.140354 700.820843 492.049533 530.596577 1481.358207 887.639694 1084.564005 671.807753 835.206787 740.793117 606.822483 826.556768 1019.915718 750.370676 1492.958089 762.943259 390.949151 643.354465
1627.386501 759.310808 1443.227298 1066.362430 817.799992 1458.591236 1598.763297 1812.803451 1670.652256 379.389388 1077.657542 1400.384833 873.612764 1201.550456 1256.074554 1437.404396 1763.781341 1462.374364 1522.005437 1223.886527 998.389763 1391.776073 1169.805184 0.000000 1001.468794 774.801502 1670.895121 1234.873359 958.058473 1558.728353 1781.983903 511.846808 1486.933094 996.001339 1016.471351 1481.530671 1620.523328 1603.234167 627.204015 1480.495482 1367.575355 433.270066 1712.239462 1561.579065 969.610792 1540.261771 1258.051046 795.297364
834.779531 838.748912 738.675386 1271.739171 748.423488 983.702539 942.982854 1020.196481 719.454444 849.605244 518.963578 398.916039 233.442214 200.081663 463.467584 980.462865 986.186012 917.964746 1081.993480 583.715977 367.195952 667.257554 529.634634 923.958697 0.000000 1040.629442 1096.055317 1046.903152 880.937642 850.491329 1070.256580 705.030056 614.861186 456.349533 1475.591646 1010.451346 1064.185864 810.627197 777.591516 721.373729 806.220275 823.133522 1127.521020 768.972095 1439.826648 781.544678 692.714491 453.257969
1353.997945 568.507468 1708.983383 291.560928 842.561558 1966.970907 1835.124610 1710.054503 1491.907801 530.501904 1563.726627 1682.948078 1377.049774 1120.450926 1428.145450 1414.925321 2114.596395 1739.512223 2030.385109 1727.323537 1506.769434 1528.996946 1369.838146 508.379671 1284.032038 0.000000 2012.096049 1743.253030 597.431068 1946.067339 1766.350978 982.429691 1502.582859 1116.227660 434.962203 1898.173020 2128.903000 1506.721595 1135.583686 1641.742992 1311.459267 458.031632 2030.449044 1619.570732 750.789755 1746.222543 1693.847592 1003.418076
953.203388 1885.545105 1030.621310 2030.133217 1430.175911 232.965650 553.818363 1110.075380 864.921449 1708.275695 730.037745 950.257014 1058.620013 1052.898427 581.891442 1173.195007 284.851253 474.039631 43.075348 741.832600 1027.992490 1006.166157 885.449646 1328.886307 1046.796192 2009.983167 0.000000 246.538626 1485.206435 356.028295 790.317067 1145.610868 644.685185 1310.953026 1938.674653 367.656118 211.184380 741.430359 1335.639835 674.764675 1348.832513 1614.649095 275.481434 530.875259 1731.786594 748.359731 988.911661 1500.054161
706.664763 1890.988146 958.890064 1783.594591 1183.637285 223.717877 363.889939 880.209831 805.095701 1568.282983 735.480786 703.718388 1035.930614 822.741174 335.352816 1165.388252 528.907983 227.501005 287.132079 632.294727 997.122624 983.312088 890.892687 1572.943037 1052.239234 1763.444541 436.021762 0.000000 1529.912285 323.854994 547.110544 1278.873432 494.392899 1084.211022 1930.867899 359.849364 385.649970 494.891733 1235.501811 743.136482 1298.915930 1591.561090 477.366103 523.068504 1975.843324 556.744460 831.011086 1377.892996
756.566878 438.836712 1111.552315 1056.644666 493.926330 1474.239060 1265.921049 1178.543058 894.476734 919.905871 1081.684673 1254.401008 824.818879 523.019858 1217.941943 1285.254565 1696.742102 1208.255352 1590.725484 1175.092642 1038.616850 990.195750 926.405742 1093.179350 894.016499 1073.733586 1547.650136 1346.993502 0.000000 1414.810468 1168.919910 892.173744 905.151792 707.572958 1403.875383 1300.741952 1628.505003 909.290527 1020.896951 1044.311925 714.028199 749.073944 1433.017976 1190.690170 1510.127275 1185.655200 1160.296565 622.478621
962.570179 1870.006855 1137.535809 1812.558365 1395.416765 133.211210 370.970575 1191.050519 822.788767 1814.537938 916.465779 875.460210 774.261407 696.870132 646.193504 1196.739126 530.415241 463.396377 288.639337 501.530176 1030.502645 1067.942947 1003.888324 1472.368390 1031.257943 1975.224022 245.563989 310.840688 1448.516273 0.000000 454.714348 1260.178377 740.647853 1089.954111 2007.915362 452.674227 213.694535 805.732421 1214.833103 886.006774 1410.609303 1385.914302 277.029691 600.115968 1977.350583 619.307897 837.289476 1468.669147
720.462178 1767.344195 1023.400618 2000.452285 1555.566503 534.974435 411.963718 779.060853 605.042196 1609.132768 856.635301 502.313585 962.155328 943.895689 456.507331 742.024778 808.701452 454.478915 639.424065 593.786451 1087.154525 832.531013 794.065665 1467.671992 1130.748981 2004.544882 668.527001 436.958317 1328.507482 655.619301 0.000000 1400.027946 535.242683 1110.103008 1604.209235 459.213929 523.105295 505.182933 1034.097008 684.293973 1175.197369 1573.808223 544.977326 196.409841 1920.036787 509.249948 796.112037 1437.420130
1229.469300 1351.999243 1070.331076 1408.650691 734.244855 1180.226084 1329.492396 1354.296761 1297.756035 721.677649 691.360280 1023.182215 500.716543 828.654235 883.178332 925.557588 1514.968365 1226.161812 1415.329809 768.429297 592.824452 879.929266 796.908962 803.937558 628.572572 1117.089763 1489.911303 1364.899962 913.162531 1432.716927 1336.341304 0.000000 1036.498017 816.409246 1238.840564 1368.575853 1454.805172 1230.337945 254.307793 1107.599261 1019.980727 722.259032 1433.874311 1188.682843 888.193925 1153.964509 747.350339 761.056003
585.295057 1520.444149 604.600219 1698.824813 1270.592713 642.869886 439.492494 915.178033 438.900357 1073.890085 479.214796 368.340798 716.057775 719.816861 422.373602 892.536086 791.590310 303.103560 685.573692 353.481424 807.190359 828.117603 634.626696 1500.094090 681.695237 1469.302199 642.498344 441.841710 1194.534695 509.658676 503.403345 1124.823467 0.000000 753.467673 1710.972048 395.590161 723.353211 667.161624 773.383285 248.743583 1125.041689 1327.710670 527.866185 558.809301 1664.111489 280.503408 511.138247 1134.953205
784.418700 1118.741724 741.704577 945.357140 1077.296356 1197.530868 1054.076530 840.068259 922.328556 1221.059576 677.664834 658.330975 543.402709 378.749723 773.365001 1001.305095 1565.962144 1101.629716 1338.157995 893.676472 938.042817 845.925614 328.498836 1295.413029 665.182152 1157.552703 1295.082647 1127.341873 679.905011 1064.319658 1145.564078 904.755945 820.548369 0.000000 1057.837894 867.914286 1278.014192 943.797265 713.355784 900.041789 371.574016 1155.055604 1302.238018 1031.133427 1373.665446 1091.442095 719.447987 824.712300
1804.915746 1067.317044 1689.824563 508.544784 693.559277 2044.952544 1991.944613 1860.565304 1854.484201 773.675093 1262.941145 1533.945796 1368.471971 1335.111420 1598.497341 1913.734897 2121.215769 1982.972212 2137.501086 1718.745735 1460.441653 1629.630845 1220.835864 615.495648 1135.029757 720.740346 2189.745437 1850.369007 1203.353946 1985.521086 1969.968840 1127.342456 1712.885398 1020.497045 0.000000 1888.411331 2121.922957 1892.643618 1242.699663 1773.456768 1368.388214 944.749590 1978.771710 1904.001852 315.827552 1725.545375 1611.785015 877.800861
770.125353 1786.709342 994.029980 1729.260852 1443.064872 329.616582 186.162245 977.465760 575.671559 1575.942068 789.112085 748.106516 690.963895 893.275504 594.780403 805.538889 698.047858 233.715431 470.243709 374.176483 918.112873 989.526514 760.874966 1520.789148 947.960430 1650.137045 427.168361 259.427588 1365.218760 196.405372 523.298808 1176.880864 502.051983 1006.656598 1571.018535 0.000000 410.099907 630.543330 1145.453631 750.795566 1332.192869 1302.616790 434.323733 163.219141 1886.846087 476.059248 709.935782 1401.218399
884.648660 1824.787326 1046.003827 1961.578488 1361.621182 165.862286 411.525338 1058.193728 983.079599 1746.266881 913.464684 881.702286 1049.877943 1000.725072 513.336713 1242.274006 357.410036 405.484903 118.044963 665.355013 816.808110 1161.295986 1044.443087 1403.855922 1230.223131 1941.428439 266.934647 177.983898 1385.950614 350.835688 725.094442 1220.580483 672.376796 1262.194920 1993.294954 436.735117 0.000000 672.875631 1411.281986 921.120380 1476.899828 1661.530838 289.953676 585.495560 1806.756209 681.256367 1001.114312 1555.876893
544.297356 1868.190674 791.018465 2016.707321 1509.066424 656.063932 447.745921 507.643840 393.053522 1657.558815 840.599522 656.031885 1067.112079 1095.426159 608.791848 855.510250 1068.330835 539.468718 838.798298 796.764374 1168.575085 949.702323 863.476759 1512.753181 1029.441762 2052.970930 856.547676 551.666219 1482.225782 746.023833 259.629383 1475.826097 583.668730 1071.350181 1689.199037 714.774217 782.734679 0.000000 1096.036990 435.161830 1136.548523 1377.668465 804.606709 281.399643 2005.026589 594.239750 949.830337 1482.699730
1000.182486 1097.691450 816.023283 1193.966158 522.313443 1311.620345 1108.242952 1185.599436 1043.448242 903.095486 531.930113 773.180818 246.408750 574.346442 628.870539 1317.502742 1294.882540 971.854019 1247.396435 596.682513 371.185748 935.008623 542.601169 977.448939 374.264779 1102.120699 1311.248802 1110.592169 658.854738 1178.409134 1235.659535 429.922218 859.729079 562.101453 1179.023331 1147.159518 1392.103669 976.030152 0.000000 853.291468 933.675469 690.609166 1387.595264 934.375050 977.707991 946.947633 736.273784 506.748210
336.551473 1433.028844 355.856636 1581.545491 1183.188603 765.766330 680.317836 730.358915 190.156774 1439.821106 468.558448 564.179525 643.218803 660.264329 173.630019 643.792503 911.167973 543.928902 717.949007 673.482838 796.534011 579.374020 428.314930 1305.007298 594.279932 1634.909374 866.838690 682.667052 1095.268089 750.484018 676.008795 1090.797378 404.488559 636.188351 1694.026245 719.234402 599.904044 520.789631 660.875161 0.000000 922.040376 1254.871698 889.857719 479.134530 1638.583152 491.707112 669.288289 1047.537900
901.909431 1266.629965 397.524116 1567.153933 1220.536934 1331.124287 1188.364512 1102.512504 755.514732 1182.980246 954.556666 1010.883785 832.547312 932.294457 716.288271 629.731079 1476.525931 1109.286860 1283.306965 1182.821075 863.433650 697.935464 869.953063 1100.370566 1001.158877 1578.392360 1429.370628 1248.025010 972.207051 1198.607639 1183.044659 1056.328093 947.146811 621.796793 1679.634687 1002.202267 1165.262001 1063.447883 1185.051300 565.357958 0.000000 1115.388663 1436.526000 1021.792782 1773.201650 1034.365364 969.775706 786.632970
1281.355285 704.487258 1380.795212 1079.468896 384.529926 1780.730115 1765.544226 1551.535954 1419.265141 626.460033 1105.694995 1224.916446 1059.442621 1026.082069 1289.467991 1550.905111 1812.186419 1703.163583 1907.993886 1409.716384 1193.196359 1297.216428 911.806514 454.634089 826.000407 822.754293 1880.716087 1689.507448 524.788407 1676.491736 1693.708318 815.081567 1403.856047 711.467695 654.801439 1579.381981 1890.186271 1434.078934 943.804774 1472.836201 1083.041711 0.000000 1931.722232 1594.972502 838.816598 1568.299224 1302.755665 545.386444
1100.261414 1786.658572 1261.616580 1956.646713 1472.884694 343.824882 429.497596 1196.300854 1033.402438 1901.277820 877.148228 1027.184129 918.349756 907.483803 728.949467 1005.622980 263.724126 521.923398 258.858301 653.254096 1032.420864 1257.439770 1032.560129 1544.669260 1175.346291 2052.691950 254.877895 393.596651 1347.821860 210.613671 665.328019 1327.115448 887.989550 1234.042459 2144.622112 583.439071 215.612754 888.488385 1374.323168 929.642570 1486.762269 1530.002651 0.000000 736.822718 1947.569547 829.921569 713.430228 1504.930545
606.906212 1773.088053 830.810839 1850.856655 1489.382605 423.871889 215.553878 957.048220 412.452418 1412.722927 818.047638 644.906744 812.559698 829.605224 654.826992 1034.775569 848.382159 258.069075 606.606254 692.314267 890.744685 965.752564 597.655825 1575.362037 934.339140 1808.135041 597.463858 319.474176 1471.100641 464.624190 360.079667 1298.476667 338.832842 1092.300515 1407.799394 433.374574 608.392203 699.498323 1112.216127 587.576426 1199.157380 1424.212593 677.520115 0.000000 1723.626946 312.840107 729.928139 1241.010290
1921.510881 1337.117273 1895.563890 859.191423 1044.205916 2014.719307 1992.216974 2089.848517 1927.422264 586.295826 1415.904135 1771.723736 1130.382772 1587.460969 1834.876970 2134.449594 2227.195603 1855.828041 2219.050636 1480.656535 1695.434961 1818.982645 1426.575191 697.045198 1387.379307 768.609806 2195.222824 1931.918557 1164.944003 2062.383156 2122.931830 1208.892006 1748.725255 1371.143684 350.646639 2031.133540 2276.077691 2074.234530 1324.249213 1737.265490 1719.034853 1130.315264 2268.367534 1933.227074 0.000000 1878.508364 1742.184562 1228.447500
647.547407 1597.097246 518.227912 1693.506332 1209.744313 723.433389 534.547802 894.302056 560.240313 1195.230041 600.554752 332.066637 655.209374 841.156817 469.524700 1013.876042 834.359295 398.158869 650.212066 474.821380 780.482260 652.912457 744.975754 1616.003232 803.035193 1590.642155 607.136718 536.897019 1158.260534 590.222179 485.802842 1063.975067 121.339956 798.559627 1832.312004 393.816807 803.916714 386.658216 863.850059 370.083539 995.578813 1266.862269 649.206141 557.035948 1785.451445 0.000000 450.289846 1241.790163
818.525773 1300.664976 970.100646 1243.216485 759.454466 790.460068 582.142057 1166.086100 810.106587 1187.847593 490.440892 760.550177 204.919528 661.997726 851.733287 1276.013520 1135.132257 674.567859 908.533830 388.593189 330.192413 893.519401 501.111948 1262.201046 461.916063 1339.261722 990.943813 621.401751 879.174394 881.122975 588.990965 613.685220 440.817665 520.612231 1471.373862 836.407826 974.980382 751.898651 660.892940 689.561249 773.332041 816.572423 968.683850 785.400805 1501.879146 721.321073 0.000000 791.500317
1151.752047 668.155919 1206.982113 1083.320318 433.903963 1449.921207 1410.238840 1226.197479 1117.606531 396.347276 833.926001 1080.849922 548.404637 859.527229 1027.288869 1175.554914 1645.217469 1273.849906 1579.012026 898.678400 769.604078 751.829984 844.597057 470.700729 681.933883 791.759390 1613.244690 1291.879948 777.443553 1480.405022 1449.758729 269.695123 1166.747121 760.841732 1033.429239 1449.155406 1527.353800 1316.421616 398.418330 927.449757 1094.496340 833.541330 1694.613306 1332.793380 986.568680 1296.530230 1017.045462 0.000000
DEMAND_SECTION
1  0
2  6
3  10
4  7
5  2
6  8
7  2
8  1
9  1
10  1
11  3
12  9
13  9
14  10
15  6
16  9
17  2
18  9
19  5
20  6
21  1
22  7
23  6
24  2
25  3
26  1
27  4
28  1
29  8
30  5
31  6
32  4
33  7
34  8
35  1
36  6
37  5
38  5
39  1
40  3
41  5
42  6
43  2
44  9
45  8
46  8
47  4
48  9
DEPOT_SECTION
1
-1
EOF
